0: 183 184 -1
1: 230 13 -1
2: -1
3: -1
4: 344 345 346 -1
5: -1
6: 420 -1
7: 470 471 -1
8: -1
9: -1
10: -1
11: 548 -1
12: 569 8 8 8 8 8 575 3 576 577 578 579 8 581 582 583 485 585 586 587 588 589 590 591 592 309 593 594 595 596 -1
13: -1
14: 675 676 677 678 679 534 -1
15: -1
16: -1
17: -1
18: -1
19: 767 -1
20: -1
21: -1
22: -1
23: -1
24: 874 875 -1
25: -1
26: 922 -1
27: -1
28: -1
29: -1
30: 8 466 -1
31: -1
32: 1101 1102 1103 1104 1105 1106 8 1108 1109 1110 -1
33: -1
34: -1
35: -1
36: -1
37: 1180 1181 -1
38: -1
39: -1
40: 1215 -1
41: 1265 -1
42: -1
43: -1
44: -1
3: -1
46: 1353 1354 -1
47: -1
48: 1410 929 929 929 929 1415 8 8 -1
49: 1425 -1
50: -1
51: -1
52: 1448 1450 1452 1454 1455 1456 476 1472 1473 1474 1475 1476 1477 432 1479 1480 1481 1482 1483 1484 1485 1486 1487 1488 1489 1490 1491 1492 1493 1494 1495 975 1497 1498 1499 1500 1501 1502 -1
53: -1
54: -1
55: -1
56: -1
57: 1570 1571 -1
58: -1
59: 1592 -1
60: -1
61: 1645 -1
62: -1
63: 1665 -1
64: -1
65: 1682 1734 1784 1785 1786 1787 1788 1789 1790 1791 1792 1793 -1
66: -1
67: -1
68: -1
4: -1
70: -1
71: -1
72: 1847 -1
17: -1
74: 1592 -1
75: -1
76: -1
77: 1881 1163 1884 1885 1886 -1
78: -1
79: 1921 -1
80: 1947 1948 1949 -1
81: -1
82: -1
83: 1971 916 1973 1974 1975 1976 1977 1978 1979 1209 1981 1205 1983 1984 -1
84: -1
85: -1
86: 2004 -1
71: 1592 -1
88: -1
89: -1
48: 2043 -1
91: -1
92: 2066 1262 1847 2068 -1
93: 2080 2081 -1
94: -1
95: 2107 2108 2109 -1
96: 303 -1
97: -1
46: -1
1: -1
100: 2173 1318 2175 -1
101: 2186 2187 2188 2189 2190 -1
102: 2204 -1
103: -1
104: 2213 -1
105: -1
106: -1
107: 2225 2226 2227 2228 2229 2230 -1
108: 2243 2244 2246 2248 2249 2252 2253 2255 2256 2258 1361 2261 2262 2264 2265 2267 2268 2269 2271 1369 1369 2275 2276 2278 2279 2281 2282 2283 2285 2286 2287 2289 2290 2292 2294 2295 2296 2297 2298 2299 48 2303 2304 1390 2307 2309 8 2312 2313 2314 2316 2317 2318 1366 2321 2323 2325 2326 2327 1403 1287 2331 2332 2333 2335 2336 1408 8 2340 2341 1357 2343 2344 2345 2346 476 2347 2348 1069 2350 2351 2352 1391 2354 719 2355 1501 1394 2357 2358 2047 2359 2360 2361 2362 2363 2364 2365 2366 2367 2368 2369 2370 2371 2372 1381 2374 2375 2376 2378 1268 2380 2381 2382 2383 2384 2385 2386 2387 2388 2389 2390 2391 2392 48 2394 2395 2396 2397 2398 2399 2400 2401 -1
109: 2442 2443 -1
110: -1
111: -1
112: 2487 1521 -1
113: 2501 699 -1
114: 96 -1
115: -1
116: -1
117: 1287 -1
118: 2551 -1
119: -1
120: 1341 1341 2561 1341 1341 1341 1341 1341 -1
121: 2583 -1
122: 2609 -1
123: -1
124: 2615 8 2617 2618 2619 2620 2621 2622 2623 96 2624 2625 2626 2627 2628 2629 2630 2631 2632 2633 460 2635 2636 -1
125: 2646 -1
126: 2648 1606 1606 1606 -1
127: 2658 2659 2660 2661 1847 -1
128: 2662 -1
129: 8 2675 1624 1606 1606 2679 2680 1626 -1
130: -1
131: -1
132: -1
133: -1
134: 5 97 -1
135: -1
136: -1
137: -1
138: -1
139: -1
140: -1
141: 1 2748 5 137 2749 160 17 2750 154 2752 2753 2 139 2754 2755 163 113 70 59 135 2756 75 2757 2758 65 46 2759 2760 30 2761 43 136 2762 2763 1392 2765 2766 408 2767 2768 -1
142: 111 111 111 111 111 111 111 111 111 111 111 111 111 111 111 111 111 111 111 111 111 111 111 111 111 111 111 111 111 111 2799 -1
143: 2801 -1
0: 183 184 -1
13: -1
146: 1606 1606 -1
147: -1
6: 1251 2821 2822 2823 2824 2825 2826 2827 2828 1678 476 2830 2831 2832 1681 2834 2835 2836 2837 2838 2839 1686 2841 2842 2187 2843 189 2845 2846 2847 2848 2849 2850 2851 2852 2853 452 2854 2855 2856 2857 2858 1704 399 421 2861 2862 2863 420 2864 369 2866 444 2867 2868 2869 2870 373 2872 1673 2874 2875 1716 2877 2878 2879 2880 2881 2882 2883 2884 -1
149: -1
150: 1287 2894 2004 -1
151: -1
152: -1
153: -1
154: 2949 -1
155: 2977 2978 -1
156: 2982 -1
43: 3031 -1
158: -1
159: -1
160: -1
161: -1
162: 1741 -1
163: 3067 -1
143: -1
165: -1
166: 8 3128 -1
167: 3133 3134 3135 1785 -1
168: -1
14: 3158 -1
170: 3159 3160 8 3162 -1
171: 1399 99 99 99 99 99 3174 3175 99 3177 99 99 3180 1399 3182 -1
135: 0 0 0 0 0 2799 -1
117: -1
174: 1176 1 2190 -1
175: -1
162: -1
177: 3199 3200 -1
178: 3209 -1
65: -1
180: 3211 3212 3213 3214 3215 3216 3217 -1
144: 2949 -1
134: 3226 3227 117 115 134 3228 13 229 3230 1493 3232 65 105 3233 3234 1266 151 1649 84 3237 159 3238 3239 174 3240 16 42 3241 3242 55 3243 3244 162 27 24 3245 3246 3247 3248 75 3249 3250 92 3251 143 3252 3253 149 122 3254 177 131 3256 3257 3258 66 47 3259 3260 3261 18 19 43 3262 1649 1176 62 3265 2762 2763 1392 2765 2766 359 2767 2768 -1
183: -1
184: -1
166: 0 -1
0: 183 184 -1
171: 0 -1
188: 70 0 2 1 -1
189: 0 2348 2401 2358 2371 476 -1
6: 0 48 -1
191: 2624 0 -1
192: 1551 0 -1
193: 0 31 2 -1
0: 184 -1
195: 2213 -1
196: 0 -1
197: 16 0 -1
146: 0 2626 -1
11: 1473 -1
200: 0 -1
201: 0 -1
202: 2 -1
203: 0 -1
204: 2360 0 2351 -1
205: 65 0 3158 -1
206: 33 70 0 1734 -1
207: 0 -1
129: 111 75 0 -1
209: 163 0 16 74 -1
210: 2190 0 -1
211: 2845 0 0 0 65 2870 74 2855 1473 2847 720 33 2846 -1
212: 0 23 2 53 1 2759 68 30 19 97 -1
213: 0 -1
214: 1 0 16 24 2679 -1
215: 0 -1
216: 0 -1
217: 154 0 -1
218: 2 0 2333 144 1 14 47 -1
219: 0 1 -1
220: 0 -1
221: 0 246 -1
222: 2 0 111 1011 -1
223: 344 3241 31 5 41 134 3239 3249 3258 3260 150 62 2 765 -1
224: 0 -1
225: 0 -1
226: 1 2 0 10 5 71 48 142 120 72 41 30 46 58 103 125 -1
99: 0 -1
228: 0 1180 -1
229: 246 2333 23 11 0 33 466 3254 -1
230: -1
13: -1
1: 3250 3249 -1
233: 1 37 1645 2661 -1
234: 2661 1 2660 38 -1
235: 65 15 1 -1
1: -1
237: 1 -1
238: 1 -1
212: 1 -1
13: 1 -1
241: 1 -1
242: 1 2661 -1
243: 1 -1
212: 1 -1
23: 1 -1
246: 2661 -1
247: 2661 -1
248: 163 664 163 2 1 11 246 -1
249: 33 2661 1 -1
250: 1 -1
251: 1 -1
252: 3133 1 -1
253: 1 -1
211: 1 -1
222: 1 -1
256: 1 3133 2059 720 -1
257: 246 1 -1
258: 1 33 2 65 -1
259: 1 -1
260: 111 1 -1
261: 1 -1
262: 1 -1
222: 1 -1
264: 33 74 2 -1
265: 10 2 -1
266: 2 -1
267: 2 -1
268: 2 1604 -1
24: 2 -1
270: 96 33 2877 111 84 2 1473 74 65 251 2371 -1
271: 2 -1
272: 2 -1
217: 3174 2561 2 928 -1
274: 2 -1
275: 2 -1
276: 2 -1
277: 2659 111 33 2 -1
278: 2 -1
279: 2 -1
280: 2 74 65 2561 33 -1
281: 2 -1
282: 3133 2 111 74 1645 -1
283: 3174 2 -1
284: 1 2 -1
285: 77 2 10 -1
286: 2 -1
271: 2 -1
288: 824 2 -1
289: 3158 2 -1
248: 1616 2 16 42 1617 74 -1
291: 2 111 466 -1
292: 2 74 -1
293: 111 1551 1551 2 118 29 158 96 -1
238: 2 189 2047 2375 2368 3158 -1
235: 2 -1
296: 2 -1
262: 2 -1
246: 2 -1
21: 33 3244 2855 1681 2187 3 3248 74 2894 65 -1
300: 578 3 -1
301: 3 -1
302: 3248 1682 2867 65 720 1493 105 3174 281 710 2287 3252 96 3 2378 2333 -1
303: 3 -1
304: 3 578 3257 -1
305: 65 33 710 3 578 12 589 588 -1
306: 589 3 -1
307: 3 -1
308: 3248 710 65 3 -1
309: 587 3 2333 -1
310: 1480 3 -1
311: 3 -1
312: 2371 476 2262 3180 96 1501 3 3158 -1
313: 3 593 -1
314: 593 3 12 3158 1501 2855 -1
315: 3 -1
316: 3 -1
317: 3 3244 -1
12: 569 8 8 8 8 579 8 581 3 576 577 578 582 583 485 585 586 587 588 589 590 591 592 309 593 594 595 596 -1
319: 3 -1
320: 3 12 -1
321: 3 -1
322: 3 96 -1
323: 593 3 -1
324: 3 578 96 1682 -1
325: 3 590 595 -1
264: 3 578 -1
327: 593 3 576 578 3174 -1
289: 3 -1
329: 593 3 -1
330: 578 3 65 -1
331: 3 -1
332: 3 1473 -1
333: 65 3 1289 -1
334: 3 -1
335: 3 -1
336: 3248 33 593 3 -1
337: 65 -1
292: 3 -1
339: 3 435 -1
340: 3248 3 -1
341: 3 578 -1
289: 3 -1
294: 3 3244 1289 1784 -1
344: -1
33: -1
346: 4 -1
347: 4 -1
348: 4 -1
349: 4 -1
350: 4 2333 -1
351: 2842 4 -1
352: 4 -1
134: 4 3240 2767 2768 -1
354: 33 4 7 2894 105 -1
355: 74 4 -1
48: 4 -1
357: 3248 184 720 2660 4 3211 -1
358: 445 7 4 593 33 -1
359: 4 2333 -1
360: 122 4 -1
48: 1473 4 -1
362: 1682 -1
363: 4 -1
364: 4 -1
365: 33 1645 4 -1
366: 4 -1
367: 65 4 2333 1281 96 -1
368: 4 -1
34: 4 -1
370: 4 -1
371: 4 33 -1
372: 710 4 -1
317: 4 -1
374: 4 2256 -1
375: 3239 65 4 1281 1682 33 -1
376: 4 -1
377: 4 -1
378: 4 2256 -1
379: 1682 4 3248 -1
380: 4 -1
381: 710 4 -1
382: 4 3257 -1
383: 4 -1
146: 5 31 2982 -1
385: 5 -1
386: 5 -1
371: 5 -1
388: 5 -1
389: 5 -1
348: 5 33 65 664 2333 1682 -1
391: 5 -1
392: 5 -1
393: 5 -1
394: 5 1645 -1
395: 5 -1
396: 5 37 664 922 23 11 1965 2867 -1
397: 5 466 -1
346: 5 2 -1
31: 33 5 1 664 41 97 3133 -1
37: 29 5 11 -1
401: 5 26 64 22 1734 10 42 31 30 19 62 118 -1
402: 5 2660 246 664 23 11 1 2661 -1
403: 5 -1
404: 5 1 664 -1
405: 5 3133 2660 1 33 111 664 -1
406: 1188 111 16 2 0 5 26 30 96 61 -1
407: 5 664 922 -1
408: 5 2 1 30 2754 65 2748 43 70 59 17 2757 2753 2755 163 136 137 2758 46 2759 160 154 75 135 139 2761 2752 2756 2760 113 2750 2749 -1
409: 5 31 55 -1
410: 33 96 111 466 1 17 5 42 16 162 41 74 1784 3257 -1
31: 5 2 1071 -1
412: 96 5 -1
0: 183 5 37 184 -1
37: 5 -1
415: 5 1 13 2333 55 96 33 281 1281 111 -1
416: 5 29 105 -1
134: 22 71 5 70 130 46 142 118 0 26 67 125 1 72 103 146 48 120 2762 2763 1392 2765 2766 359 2767 2768 -1
418: 895 5 -1
419: 5 -1
420: 3128 3159 -1
421: -1
422: 6 2186 -1
369: 6 2186 -1
424: 369 -1
425: 1616 2855 6 -1
426: 6 -1
372: 6 -1
369: 6 2186 -1
429: 189 1287 -1
430: 6 2881 33 1473 -1
431: 6 -1
432: 3174 2855 6 1681 445 3247 2857 -1
433: 33 2855 6 -1
434: 6 -1
435: 3248 1847 -1
436: 6 7 108 -1
437: 6 369 2864 2186 2823 2875 2855 1681 2187 2279 443 2843 2881 3174 65 1488 -1
438: 1506 6 -1
439: -1
369: 6 2186 -1
369: 6 2186 -1
442: 3174 720 2047 -1
443: 2630 -1
444: -1
43: 6 -1
229: 2736 6 7 -1
447: 6 65 -1
448: 6 2186 2823 2875 -1
449: 74 2853 752 6 -1
450: 6 -1
451: 443 6 -1
452: -1
453: 2864 -1
454: 6 -1
99: 6 -1
99: 1570 6 -1
457: 6 2199 101 -1
48: 6 -1
48: 2883 6 -1
460: 2368 6 1455 2047 2265 52 476 -1
461: 3248 2867 6 -1
462: 2854 6 -1
463: 6 2879 2823 2834 2870 2831 -1
400: 6 -1
465: 2359 476 2864 2363 1452 -1
401: 2359 476 2864 2363 1452 189 2354 6 2348 720 2401 2382 2371 2047 719 1391 1485 -1
467: 1506 -1
48: 6 -1
44: 65 2883 1592 1681 6 2855 2348 -1
470: 1847 -1
471: -1
472: 3247 1501 -1
134: 7 -1
474: 96 7 33 1473 2621 -1
475: 2832 7 -1
476: 3158 1500 3174 1488 2047 2189 7 -1
477: 7 -1
478: 2855 1491 52 2371 2837 1479 7 1501 3158 -1
479: 476 -1
480: 7 -1
481: 2401 7 -1
482: 7 369 2333 65 -1
483: 432 7 476 -1
484: 2348 1493 7 3160 -1
485: 2894 1403 432 -1
89: 7 2855 -1
471: 2863 7 -1
189: 1493 7 1014 -1
489: 2848 7 -1
448: 112 7 3248 -1
491: 7 251 -1
492: 7 -1
493: 7 -1
494: 1501 7 -1
495: 2883 96 7 -1
496: 7 476 -1
497: 3248 7 -1
229: 7 -1
41: 476 2047 7 3158 -1
89: 7 -1
501: 689 7 593 2883 2630 1078 -1
502: 2855 2877 7 1501 2837 -1
503: 7 -1
504: 2622 7 3158 -1
505: 2561 452 -1
412: 1501 52 7 2371 476 -1
411: 7 -1
189: 7 3174 -1
48: 9 -1
48: 9 -1
511: 1506 -1
512: 9 -1
513: 9 -1
514: 9 -1
515: 2867 1616 -1
516: 9 -1
517: 9 -1
518: 3211 2366 -1
519: 9 2842 -1
433: 16 74 58 10 -1
221: 10 -1
522: 10 -1
523: 10 765 -1
48: 111 10 33 -1
445: 77 10 74 -1
526: 10 -1
527: 0 11 10 26 70 24 28 3 -1
528: 2 664 2755 -1
529: 1473 26 16 2 10 42 38 31 62 -1
0: 183 23 30 11 2 1 16 77 195 38 31 47 184 -1
531: 1604 1 -1
532: 22 -1
533: 111 96 10 33 -1
534: 77 10 -1
535: 2 466 154 1 16 -1
536: 93 26 2 10 47 2661 -1
445: 77 10 74 -1
538: 16 10 -1
539: 184 74 10 -1
48: 10 -1
359: 30 58 10 2757 133 195 -1
542: 10 77 -1
543: -1
544: 10 -1
53: 133 58 10 195 2757 30 359 -1
546: 10 -1
221: 10 13 -1
548: -1
549: 11 466 -1
550: 11 -1
551: 11 3265 -1
552: 23 11 -1
465: 23 11 246 -1
465: 23 11 246 -1
555: 11 -1
11: 161 117 115 173 3228 13 2659 116 159 86 126 55 85 168 79 27 152 132 96 119 66 47 19 43 -1
557: 11 -1
558: 11 -1
465: 23 11 -1
560: 23 11 -1
561: 23 11 -1
359: 11 72 29 23 85 -1
465: 23 11 246 -1
564: 11 33 -1
40: 0 37 31 77 16 11 1215 -1
566: 2659 664 65 11 23 -1
567: 11 -1
568: 3133 664 11 2658 246 1 2661 16 -1
54: -1
8: -1
8: -1
8: -1
517: -1
8: -1
575: 12 -1
576: -1
577: -1
578: -1
579: -1
8: -1
581: -1
582: 3 593 -1
583: -1
485: -1
585: 12 -1
586: -1
8: -1
588: 720 12 590 -1
589: -1
548: -1
591: -1
592: -1
593: -1
594: 1448 -1
595: 593 -1
596: -1
48: 590 12 -1
546: 12 578 -1
51: 12 -1
600: 3 12 590 -1
601: 3 582 12 -1
602: 12 578 -1
603: 2333 587 588 590 589 2867 592 309 593 582 12 585 586 65 -1
604: 720 12 -1
605: 12 3 1493 -1
482: 593 3 12 595 588 578 126 -1
607: 12 588 -1
608: 720 1493 12 -1
609: 12 -1
289: 1448 12 -1
611: 590 578 3 12 -1
612: 589 593 590 3 12 -1
275: 3 12 -1
614: 55 -1
615: -1
616: 13 55 96 -1
617: 173 3228 13 16 127 55 85 79 162 27 3250 114 3258 116 66 47 43 81 62 -1
618: 13 -1
619: 13 65 615 96 1682 1281 55 -1
620: 96 173 3228 13 2333 65 85 79 33 116 3248 -1
621: 13 -1
622: 13 41 -1
623: 13 -1
624: 13 -1
625: 615 13 -1
48: 13 -1
627: 13 -1
628: 13 -1
629: 13 -1
630: 710 173 65 1784 13 109 2333 -1
631: 13 -1
632: 13 344 -1
633: 13 -1
634: 13 615 -1
635: 13 615 -1
636: 13 -1
14: 435 703 677 534 -1
14: 677 534 -1
14: 96 -1
14: 677 534 -1
14: 677 534 -1
14: 677 534 -1
14: 677 534 -1
14: 677 534 -1
63: 2004 677 534 -1
14: 677 534 -1
14: 65 677 534 -1
14: 677 534 -1
14: 677 534 -1
14: 677 -1
14: 677 534 -1
14: 678 2487 677 534 -1
14: 677 534 -1
14: 677 534 -1
14: 677 534 -1
14: 677 534 -1
14: 677 534 -1
14: 677 534 -1
14: 703 435 677 534 -1
14: 677 534 -1
14: 677 534 -1
14: 677 534 -1
14: 132 677 534 -1
14: 677 534 -1
14: 1682 677 534 -1
14: 132 173 281 677 534 -1
14: 677 534 -1
14: 65 677 534 -1
64: 3248 677 534 -1
14: 677 534 -1
14: 677 534 -1
14: 2004 132 677 534 -1
617: 677 534 -1
14: 173 47 161 2004 -1
675: 534 -1
676: -1
677: -1
678: 534 -1
679: 534 -1
14: 534 677 -1
534: -1
14: 534 -1
14: 677 534 -1
684: 14 -1
685: 1965 55 14 -1
686: 14 -1
14: 14 -1
14: 86 132 161 178 677 534 -1
689: 14 -1
14: 14 -1
691: 677 14 -1
692: 678 2487 -1
693: 14 -1
48: 14 -1
695: 677 14 74 -1
14: 534 -1
697: 14 161 -1
14: 14 -1
61: 677 534 -1
700: 2894 74 1287 2855 14 2487 33 -1
701: 677 -1
702: 33 14 -1
703: 14 2213 -1
704: 97 14 -1
705: 1282 2383 1506 3158 3174 1455 2372 2253 15 2279 2401 2368 -1
706: 42 162 16 15 1506 -1
707: 2348 476 189 15 -1
708: 15 -1
709: 15 2626 96 2855 1681 -1
710: 15 -1
711: 1455 2372 3158 2401 2279 15 720 -1
430: 15 3158 2325 2855 -1
426: 1501 15 33 -1
714: 15 -1
715: 2047 96 15 2879 -1
716: 15 -1
717: 2333 189 2855 2 15 -1
718: 15 -1
719: 15 476 2875 2855 -1
720: 15 -1
721: 15 7 1501 -1
194: 773 15 2855 -1
723: 15 105 -1
16: -1
725: 74 21 16 68 24 33 96 134 154 65 111 86 -1
726: 1507 16 1506 18 -1
727: 74 -1
728: 16 -1
729: 16 -1
730: 16 -1
731: 16 33 -1
732: 16 33 -1
733: 33 2646 16 -1
734: 16 -1
735: 476 2395 -1
736: 16 -1
737: 155 -1
738: 3158 -1
739: 2348 -1
172: 77 -1
741: 16 1602 -1
742: 16 1506 -1
743: 16 -1
744: 16 -1
17: 2518 1551 77 154 -1
746: 1602 16 546 -1
747: 16 -1
748: 77 -1
749: 16 -1
750: 0 22 16 -1
751: 16 -1
752: -1
753: 58 33 17 3248 -1
0: 183 184 -1
755: 5 1 17 26 26 0 2 11 49 163 74 154 31 46 -1
756: 17 -1
757: 17 -1
758: 0 2 11 1 103 1881 131 111 3265 -1
759: 18 -1
760: 18 -1
761: 96 18 -1
762: 162 42 -1
763: 131 16 18 111 922 -1
764: 1507 3253 18 -1
765: 1506 18 3253 -1
766: 18 -1
767: -1
768: 19 -1
74: 19 -1
770: 19 -1
771: 111 33 19 1287 -1
772: 19 165 -1
717: 2624 19 -1
774: 3254 19 -1
19: 767 2867 -1
776: 1645 281 105 19 -1
777: 19 -1
778: 19 165 -1
19: 1 -1
780: 19 -1
781: 130 3244 2333 19 150 81 -1
611: 19 105 -1
783: 19 -1
784: 19 -1
785: 19 13 -1
786: 19 -1
771: 19 -1
788: 105 19 -1
37: 19 -1
748: -1
791: 20 -1
792: 20 2081 -1
793: 2081 20 -1
794: 20 -1
795: 20 -1
796: 20 -1
632: 33 93 20 34 -1
746: 20 -1
71: 34 20 -1
800: 34 20 -1
801: 20 -1
802: 20 -1
803: 20 -1
804: 3177 -1
359: 21 -1
806: 21 -1
807: 1570 710 111 21 96 -1
48: 21 55 1592 -1
134: 21 359 2767 2768 -1
810: 1473 58 1103 2861 21 -1
811: 55 3174 21 -1
812: 1592 21 -1
195: 1152 21 710 65 2333 -1
814: 22 -1
815: 22 1248 -1
816: 184 2855 476 2333 435 720 2400 22 113 -1
817: 22 -1
818: 126 65 0 24 165 96 720 113 22 -1
819: 0 22 -1
820: 26 22 163 824 -1
821: 22 -1
822: 22 -1
823: 1551 22 111 -1
824: 922 111 144 154 130 16 16 163 163 163 26 26 11 11 2333 1 1 1551 -1
825: 804 48 1506 22 3174 2855 7 -1
826: 1198 699 5 0 38 26 31 22 135 46 -1
359: 0 1 5 46 26 22 72 48 70 146 67 142 118 103 130 125 120 71 -1
648: 22 -1
829: 65 184 22 1014 -1
336: 22 13 -1
431: 74 2059 2333 1616 111 7 26 22 0 1501 -1
832: 22 11 38 3241 3247 3248 2333 31 3258 5 49 1281 96 -1
833: 22 -1
834: 23 3201 -1
571: 23 33 -1
836: 23 -1
837: 2059 23 -1
838: 23 11 -1
839: 23 -1
465: 23 11 -1
841: 128 23 11 2667 33 664 -1
662: 23 -1
455: 23 11 -1
465: 23 11 246 -1
83: 23 11 -1
465: 23 11 246 -1
465: 23 11 246 -1
465: 23 11 246 -1
849: 5 26 3228 39 23 11 16 55 126 132 31 119 114 2679 66 47 43 97 -1
662: 23 -1
851: 2661 2660 2658 5 23 11 27 -1
852: 344 -1
853: 23 -1
854: 23 11 -1
855: 2658 23 246 664 -1
465: 23 11 -1
24: 874 -1
24: 874 -1
24: 874 -1
24: 874 -1
24: 874 -1
24: 874 -1
24: 874 -1
24: 874 -1
24: 874 -1
24: 874 -1
24: 874 -1
24: 874 -1
84: 874 -1
24: 874 -1
24: 874 -1
24: 874 -1
817: 874 -1
874: -1
875: -1
24: 874 -1
877: 24 -1
878: 24 -1
879: 96 251 24 -1
880: 111 24 -1
24: 874 -1
882: 96 3174 65 24 -1
883: 24 96 -1
680: 466 111 16 24 42 86 -1
885: 2855 111 24 -1
24: 874 -1
24: 874 -1
24: 874 -1
889: 1592 -1
465: 154 24 -1
24: 874 -1
892: 96 111 24 154 2679 -1
893: 1682 -1
894: 24 154 111 -1
895: -1
24: 874 -1
897: 122 2755 96 2551 16 42 24 109 -1
465: 24 -1
81: 96 24 -1
25: 719 -1
25: 0 -1
25: 719 920 3212 1519 3174 7 -1
903: 7 33 3174 476 1501 25 -1
689: 7 33 3174 476 1501 25 -1
689: 7 33 3174 476 1501 25 -1
906: 476 25 25 25 -1
690: 476 25 25 25 1488 -1
25: 476 719 -1
689: 7 33 3174 476 1501 25 29 1452 -1
910: 25 2189 -1
911: 25 3219 476 -1
689: 7 33 3174 476 1501 25 1452 29 -1
689: 7 33 3174 476 1501 25 -1
914: 1488 2408 2406 1495 25 1501 -1
915: 3212 3174 2189 25 -1
916: 1495 25 -1
689: 7 33 3174 476 1501 25 -1
689: 7 33 3174 476 1501 25 -1
25: 0 -1
920: 3174 25 1495 1488 1491 476 2867 3158 719 -1
48: 25 -1
922: -1
455: 7 33 26 2755 163 -1
0: 183 26 184 -1
925: 26 -1
425: 26 29 -1
927: 26 38 3247 -1
928: 3174 26 -1
929: 26 65 -1
359: 26 26 17 49 38 135 699 -1
221: 26 -1
932: 111 -1
933: 26 65 -1
667: 31 26 -1
26: -1
936: 26 -1
48: 96 922 3248 31 26 -1
938: 26 -1
939: 5 11 26 31 -1
940: 2 26 -1
134: 26 17 49 699 38 135 26 359 -1
26: -1
943: 26 -1
944: 26 0 -1
93: 27 -1
946: 27 -1
947: 27 -1
672: 246 2659 27 664 -1
949: 27 -1
950: 27 -1
951: 2660 27 -1
952: 27 -1
711: 27 -1
134: 27 -1
955: 27 -1
956: -1
957: 27 -1
958: 2660 956 27 2659 29 66 65 -1
959: 2660 27 65 -1
960: 27 -1
664: 13 161 116 173 3228 2333 85 168 79 27 152 149 3257 66 3248 23 11 710 97 -1
359: 16 1649 19 18 3253 55 13 3257 43 92 24 3259 3237 174 27 3254 66 84 65 3228 47 162 3250 42 62 3246 229 3247 75 131 3241 117 3249 1266 3239 159 134 122 3258 3226 3245 151 1176 3265 3248 3232 3230 115 3260 105 3251 149 1493 3261 3227 143 3233 3252 3262 3240 3243 3234 177 1649 3238 -1
11: 5 161 116 117 115 173 54 134 3228 13 37 3239 135 84 2659 548 159 174 42 127 126 55 85 168 79 27 152 132 130 155 3227 149 96 119 47 3257 66 63 3259 19 43 1281 41 178 81 97 -1
964: 28 -1
722: 28 -1
722: 28 -1
722: 28 -1
722: 28 -1
94: 28 -1
722: 28 -1
359: 2279 28 720 1493 -1
134: 720 28 2279 359 2767 2768 -1
689: 65 28 359 2767 2768 -1
974: 2 77 28 -1
722: 28 -1
722: 28 -1
977: 28 -1
978: 2279 720 28 1493 -1
359: 28 -1
980: 28 720 373 65 2867 2333 3174 2870 2853 2894 2855 -1
981: 2883 65 2861 2333 28 -1
982: 28 33 74 435 1570 7 -1
983: 74 155 0 2880 1103 1403 65 2325 33 720 111 2846 28 1473 7 2406 96 -1
99: 28 -1
985: 2867 28 3174 -1
986: 2846 67 0 46 1 49 76 28 78 133 7 -1
359: 28 33 7 74 -1
425: 29 -1
212: 2661 29 -1
672: 664 2661 246 2660 29 -1
991: 29 -1
689: 7 33 3174 476 1501 25 29 -1
993: 22 31 29 47 543 77 16 30 -1
994: 29 -1
733: 664 2661 246 2660 29 -1
996: 29 -1
997: 2358 29 1483 3158 -1
946: 29 2658 -1
91: 29 -1
1000: 29 -1
1001: 29 0 78 3250 -1
1002: 105 29 -1
466: 5 29 30 41 -1
1004: 29 -1
1005: 29 41 -1
1006: 29 2333 -1
161: 1176 5 37 29 1 -1
1008: 173 29 -1
1009: 2659 74 29 -1
1010: 29 -1
1011: 74 2661 29 1 0 1604 111 86 3247 -1
319: 109 710 105 3248 96 2333 37 29 2660 1602 -1
744: 29 -1
1014: 29 -1
1015: 29 -1
1016: 37 2658 29 2659 2660 65 -1
8: -1
466: -1
30: 466 -1
30: 466 -1
30: 466 -1
30: 466 -1
30: 466 -1
30: 466 -1
30: 466 -1
1026: 30 33 -1
1027: 30 -1
30: 1266 466 -1
30: 466 -1
30: 466 -1
30: 466 -1
30: 466 -1
30: 466 -1
30: 466 -1
30: 466 -1
30: 466 -1
1037: 30 154 -1
30: 466 -1
30: 466 -1
30: 466 -1
30: 466 -1
1042: 2755 30 -1
1043: 2855 1501 476 432 1268 30 2757 -1
30: 466 -1
103: 466 -1
30: 466 -1
30: 466 -1
30: 466 -1
30: 466 -1
30: 466 -1
30: 466 -1
1052: 45 74 30 -1
756: 30 -1
30: 466 -1
30: 466 -1
30: 466 -1
30: 466 -1
30: 466 -1
30: 466 -1
1060: 62 30 -1
616: 13 30 -1
68: 30 111 -1
1063: 31 55 -1
1064: 31 189 49 -1
1065: 2658 18 1493 2333 31 -1
359: 31 96 65 -1
1067: 58 74 31 -1
1068: 31 -1
104: 31 -1
1070: 1604 31 -1
1071: 31 -1
1072: 41 31 96 3248 -1
8: 33 31 65 3248 3174 -1
1074: 31 -1
1075: 31 -1
1076: 31 -1
1077: 31 -1
1078: 31 134 -1
1079: 31 1152 -1
766: 31 -1
1081: 31 -1
1082: 31 -1
1083: 31 1604 111 96 -1
229: 699 31 2059 -1
1085: 31 163 3201 -1
1086: 31 26 -1
1071: 31 -1
31: 2 -1
762: 3158 189 96 31 1069 -1
30: 31 -1
229: 31 -1
450: 1473 720 31 -1
1093: 70 31 -1
765: 31 -1
762: 2047 3158 33 31 -1
659: 31 -1
770: 31 -1
30: 3241 31 0 2799 -1
101: 31 -1
1100: 31 -1
1101: -1
1102: -1
1103: -1
1104: -1
1105: -1
1106: -1
8: -1
1108: -1
1109: -1
1110: 32 -1
384: 32 435 3174 251 74 -1
32: -1
32: 1101 1108 3174 -1
32: 1101 -1
32: -1
32: 1101 -1
32: 1101 -1
1118: 1152 2609 7 65 32 -1
359: 32 720 -1
1120: 1102 32 32 -1
32: 1101 -1
32: 1101 1109 -1
32: 1101 74 65 96 2504 1506 1102 58 -1
32: 1101 8 -1
792: 24 1493 32 -1
793: 65 32 720 1602 -1
1127: 32 -1
32: 1101 -1
134: 32 720 359 2767 2768 -1
282: 32 32 32 -1
48: 32 74 -1
32: 1101 8 -1
32: 2855 -1
32: 1101 -1
1135: 32 32 -1
1136: 93 34 -1
1137: 34 -1
1138: 34 -1
1139: 2089 34 20 -1
1140: 34 -1
629: 34 -1
1142: 35 -1
1143: 35 -1
10: 35 -1
113: 96 35 61 -1
1146: 35 476 -1
1147: 35 -1
16: 35 -1
1149: 2262 1145 35 -1
1150: 35 74 -1
134: 435 35 359 -1
1152: -1
1153: 35 -1
1154: 35 -1
1155: 35 -1
1156: 35 -1
143: 35 -1
359: 35 435 -1
1159: 35 -1
1160: 35 773 -1
1161: 35 -1
1162: 35 -1
0: 183 36 3253 184 -1
1143: 2107 36 -1
823: 2107 36 -1
57: 36 89 -1
134: 138 89 36 95 359 -1
1168: 1507 16 36 3253 -1
114: 89 36 138 95 -1
823: 2107 36 -1
823: 2107 36 -1
1135: 36 -1
32: 1506 103 36 -1
1174: 3248 922 36 -1
1175: 1493 131 36 18 75 -1
1162: 0 24 131 1473 -1
1177: 36 67 -1
1178: 89 36 95 -1
165: 36 -1
1180: -1
1144: -1
32: 116 66 -1
455: 2658 37 -1
668: 1014 -1
57: 37 3067 -1
10: 37 246 -1
823: 37 -1
1188: 1784 37 2660 1 2661 2894 -1
37: 5 11 -1
16: 173 -1
1191: 37 2660 246 -1
1192: 37 3067 -1
616: 63 114 96 3253 31 37 3228 161 -1
10: 37 -1
1195: 163 38 -1
1196: 1501 1483 221 476 111 38 2354 -1
38: -1
1146: 38 -1
111: 39 -1
1200: 39 -1
843: 39 -1
843: 39 -1
843: 39 -1
1204: 39 -1
134: 39 359 -1
1206: 39 -1
359: 39 -1
134: 39 -1
842: 39 -1
842: 39 -1
842: 39 -1
134: 39 359 -1
359: 39 -1
1214: 16 39 -1
1215: -1
40: 1215 -1
40: 1215 -1
40: 1215 -1
40: 1215 -1
40: 1215 -1
40: 1215 -1
1222: 65 40 851 1215 -1
1223: 1215 -1
1224: 1215 -1
1225: 40 851 1261 1233 2867 -1
1226: 40 1215 -1
199: 1215 -1
40: 1215 -1
40: 1215 -1
40: 1215 -1
113: 1215 -1
11: 1215 -1
1233: 851 40 1215 -1
1234: 96 720 40 65 -1
1235: 40 1215 -1
11: 1215 -1
40: 1215 -1
40: 1215 -1
134: 1215 -1
113: 1215 -1
1241: 40 1215 -1
1242: 40 -1
1243: 96 40 851 -1
134: 2890 40 1261 1233 65 -1
123: 1215 -1
40: 1215 -1
40: 1215 -1
40: 1215 -1
40: 1215 -1
40: 1215 -1
40: 1215 -1
1252: 1215 40 -1
851: 1215 -1
842: 40 1215 851 -1
1222: 1215 -1
40: 1215 -1
40: 1215 -1
1258: 96 40 851 -1
1259: 40 -1
1260: 2 40 96 -1
1261: 1215 851 40 -1
1262: 851 40 65 7 -1
1222: 134 804 96 40 -1
1264: 3248 1289 40 851 -1
1265: -1
41: 1265 -1
41: 1265 -1
41: 1265 -1
124: 1265 -1
41: 1265 -1
41: 1265 344 -1
41: 1265 -1
40: 1265 5 1 31 -1
41: 1265 -1
518: 41 -1
1276: 41 246 -1
872: 41 1546 -1
1278: 41 -1
1279: 3250 92 41 2333 -1
134: 165 109 135 104 7 96 126 41 359 2767 2768 -1
1281: -1
359: 41 -1
1283: 41 1288 -1
1284: 55 41 1281 -1
1285: 41 13 -1
41: -1
41: 41 -1
1288: 41 5 -1
13: 5 41 -1
40: 41 -1
41: 1265 -1
1292: 190 65 96 42 -1
1293: 96 720 1967 65 33 1011 42 1592 435 3248 -1
40: 96 -1
1235: 42 -1
1296: 74 96 16 42 1682 -1
1262: 42 -1
40: 42 96 -1
121: 65 111 466 2333 96 0 42 1 3250 74 86 82 134 154 47 105 -1
586: 42 -1
1301: 42 -1
1302: 2333 42 -1
1303: 42 -1
1304: 710 96 42 649 466 -1
1305: 1493 42 162 -1
1306: 42 -1
43: 3031 -1
43: 3031 -1
43: 3031 -1
43: 3031 -1
43: 3031 -1
43: 3031 -1
1313: 43 66 -1
43: 3031 -1
43: 3031 -1
43: 3031 -1
43: 3031 -1
112: 43 -1
1319: 43 65 -1
1320: 66 19 43 -1
137: 43 -1
1322: 43 150 1281 3239 -1
43: 3031 -1
43: 3031 -1
43: 3031 -1
1264: 3031 -1
1327: 43 772 -1
13: 43 -1
1329: 43 -1
1330: 43 -1
43: 3031 -1
1332: 44 1506 -1
1333: 44 2622 3174 720 1506 1493 7 -1
1334: 2622 3174 720 1493 44 -1
1335: 44 3175 -1
1336: 44 -1
1337: 3175 44 -1
1292: 3174 1493 2622 1506 720 44 -1
44: 2333 -1
1340: 593 3 595 1847 -1
48: 3 578 586 -1
13: 1345 587 3 3174 1014 -1
1294: 3 -1
1344: 74 3 3248 96 33 -1
133: 3 2190 -1
1346: 3 12 -1
1347: 593 3 -1
916: 3 -1
1349: 1616 588 578 7 1493 3 -1
1350: 3248 595 3 2855 3174 720 -1
1351: 7 3 2317 476 -1
1352: 1343 3 -1
32: -1
1354: -1
45: 1353 1354 -1
148: 1353 1354 -1
45: 1353 1354 -1
45: 1353 1354 -1
45: 1353 1354 -1
45: 1353 1354 -1
148: 1353 1354 -1
45: 1353 1354 -1
45: 1353 1354 -1
45: 1353 1354 -1
45: 1353 1354 -1
45: 1353 1354 -1
45: 1353 1354 -1
45: 1353 1354 -1
134: 1353 1354 -1
45: 1353 1354 -1
45: 1353 1354 -1
45: 1353 1354 -1
43: 1353 1354 -1
45: 1353 1354 -1
45: 1353 1354 -1
45: 1353 1354 -1
45: 1353 1354 -1
45: 1353 1354 -1
45: 1353 1354 -1
45: 1353 1354 -1
45: 1353 1354 -1
45: 1353 1354 -1
45: 1353 1354 -1
1146: 1353 1354 -1
45: 1353 1354 -1
45: 1353 1354 -1
45: 1353 1354 -1
45: 1353 1354 -1
45: 1353 1354 -1
916: 1353 1354 -1
45: 1353 1354 -1
45: 1353 1354 -1
45: 1353 1354 -1
45: 1353 1354 -1
45: 1353 1354 -1
45: 1353 1354 -1
45: 1353 1354 -1
1346: 1353 1354 -1
131: 1353 1354 -1
137: 1353 1354 -1
45: 1353 1354 -1
45: 1353 1354 -1
45: 1353 1354 -1
1404: 47 -1
1405: 47 96 -1
1406: 1551 111 74 47 710 58 -1
1407: 65 7 47 33 -1
1408: 96 16 1 86 1645 31 47 134 -1
1409: 47 -1
1410: -1
131: -1
929: -1
10: -1
137: -1
1415: -1
8: -1
32: -1
47: 929 -1
47: -1
47: -1
47: -1
929: 47 48 47 47 47 -1
45: -1
1424: 3248 184 48 3158 476 2348 2371 2870 65 719 2401 1485 720 -1
1425: -1
1426: 50 -1
45: 50 -1
45: 50 -1
1429: 50 -1
935: 50 -1
1431: 50 -1
1432: 50 -1
1433: 50 -1
937: 50 -1
937: 50 -1
1436: 50 -1
1437: 50 -1
1438: 50 -1
937: 50 -1
45: 50 -1
45: 50 -1
1442: 51 65 -1
48: 33 51 1592 3174 7 134 65 720 -1
48: 51 1616 65 -1
143: 51 65 -1
40: 51 65 -1
1447: 96 51 65 -1
1448: -1
51: 1448 -1
1450: 52 1501 1455 1495 -1
51: 1450 -1
1452: -1
51: 1452 -1
1454: -1
199: 476 1518 1503 52 1501 -1
199: -1
51: 1454 1455 1456 -1
148: 1454 1455 1456 -1
148: 1452 -1
51: 1450 -1
51: 1448 1450 1452 1454 1455 1456 -1
51: 476 -1
51: 1503 1493 476 1490 -1
45: 476 1493 -1
51: 476 1493 1489 1499 1504 1494 -1
45: 1517 -1
51: 476 -1
148: 1493 -1
0: 476 -1
51: 432 3158 -1
51: 1493 -1
1472: -1
32: -1
1474: -1
1475: -1
1476: 3158 -1
1477: 3158 -1
432: 2855 2877 1501 2837 -1
1479: -1
1480: -1
1481: 52 2047 -1
1482: 52 -1
1483: 1501 -1
1484: -1
1485: -1
189: -1
51: -1
37: 2336 2047 1501 -1
1489: 476 2047 52 -1
1448: 476 2047 1987 52 1483 -1
1491: -1
1492: -1
1493: 476 -1
1494: 2335 -1
1495: 476 2047 2400 3248 719 52 1519 1483 2336 2371 1450 3211 920 3213 3218 -1
975: 65 52 7 476 1450 2401 2368 2047 2736 2371 -1
1497: 52 -1
40: 52 -1
141: -1
189: -1
1501: 2286 -1
1502: -1
1503: 1493 476 2279 1501 -1
1504: 476 52 1518 3158 -1
1505: 1483 1499 1491 1501 -1
929: -1
929: 432 476 2679 1483 2890 2371 2047 2877 1479 2854 2853 2855 1501 2837 2348 -1
37: 476 52 -1
148: 476 1282 1987 1617 2853 1483 2401 2262 52 2364 2679 2313 1069 2395 816 123 2279 65 1491 2358 2400 -1
148: 1495 1491 1501 -1
949: 1483 476 -1
969: 476 2047 52 -1
1513: 1506 476 52 3158 -1
1514: 1475 2318 2375 476 719 3218 2364 52 1987 -1
974: 108 719 476 1483 3174 2679 3213 2047 52 2368 435 2400 2395 443 710 1450 2262 1282 2335 -1
1516: 476 2262 719 2395 1493 2047 1282 251 773 52 3212 2336 2406 2867 2364 2358 3213 3158 1625 2354 2333 65 64 2371 1501 2679 1519 1483 3174 2279 720 2890 7 2347 2287 1500 2252 435 1617 2401 3211 1484 2359 2313 2348 1455 3248 2622 121 3247 57 3218 171 3219 33 1616 -1
1517: 476 52 2047 1518 719 1495 1484 3158 -1
1518: 1506 2358 476 1491 1485 1503 2047 1455 1504 2369 1501 -1
1519: 476 52 2364 3158 1495 -1
1433: 53 -1
40: 74 53 2661 720 -1
1522: 65 53 52 -1
1523: 53 -1
148: -1
1445: 53 922 -1
1526: 53 -1
1527: 53 -1
1528: 53 -1
1529: 54 -1
10: 54 -1
1531: 54 -1
1005: 54 -1
1005: 54 -1
1534: 54 -1
1535: 54 -1
1536: 54 -1
1445: 54 -1
1538: 54 -1
1008: 54 -1
148: 54 -1
45: 54 -1
1542: 55 -1
1543: 152 1019 55 135 -1
1544: 55 -1
153: 55 615 -1
1546: -1
40: 55 -1
1548: 55 -1
1549: 11 19 -1
1550: 1545 96 -1
41: 55 -1
873: 55 -1
51: 13 2 55 126 154 31 30 82 1281 41 -1
51: 55 -1
137: 55 -1
111: 55 1545 -1
1557: 96 2832 2056 2626 65 2831 2855 1682 2867 3248 2621 -1
1558: 1984 65 435 720 3174 56 710 -1
51: 56 2855 -1
1560: 7 109 720 65 56 -1
1561: -1
45: 3174 65 3248 435 1506 720 2333 109 1784 1493 7 1152 -1
51: 56 -1
1564: 1561 -1
140: 56 -1
314: 2401 56 -1
1567: 3248 56 -1
55: -1
154: 56 -1
18: -1
18: -1
18: 57 359 2767 2768 -1
1517: 65 -1
18: 57 2333 65 710 -1
1575: 57 1786 -1
56: 1571 -1
359: 57 -1
1578: 1571 57 -1
1579: 96 57 -1
18: 57 -1
1581: 57 -1
1582: 58 -1
359: 70 58 74 -1
1485: 74 70 58 -1
1585: 58 -1
1586: 3174 0 58 40 7 3248 -1
18: 58 -1
1588: -1
58: 1592 -1
1548: -1
58: 1592 -1
1592: 74 1588 58 1590 58 1049 1049 1049 1049 1049 1049 -1
1049: -1
1049: 1592 -1
1049: 1592 -1
1049: -1
148: -1
1546: -1
151: 1592 -1
58: 1592 -1
1601: 1987 476 2348 2401 2345 2400 2344 59 -1
1602: 59 -1
1603: 59 33 922 3174 578 -1
1604: 59 -1
1605: 476 2401 59 -1
1482: 60 -1
1607: 1501 1403 2842 -1
963: 1501 -1
1609: 60 1501 -1
13: 2279 2374 2383 2368 719 1455 2422 2351 2395 476 52 2401 1391 60 2358 -1
1611: 476 1403 -1
1059: 476 1403 -1
518: 2401 2853 -1
1614: 1501 -1
1057: 476 1617 2358 1483 1069 2345 2047 1282 2279 2371 -1
1616: -1
1617: 1403 2401 1063 2359 2842 1480 -1
1056: 2358 60 -1
1059: 476 1403 -1
1620: 1617 -1
1063: 1617 -1
1622: 1488 1616 -1
1623: 60 1617 1483 -1
1057: 476 1617 2358 1483 1069 2345 2047 1282 2279 2371 1501 -1
1625: 1501 -1
148: 1501 1644 -1
59: 1501 1617 2371 1483 1069 2345 2401 2279 1057 476 -1
1628: 3158 1501 60 -1
986: 476 737 2371 2842 -1
397: 2279 2368 52 2374 2383 719 1455 1483 2047 2265 2395 476 2296 2401 1391 60 2358 -1
397: 2279 2368 1480 2374 2383 719 1455 2047 2265 2395 476 2296 52 2401 1391 60 2358 1506 -1
1632: 1617 1501 -1
134: 476 1617 1616 2047 60 2262 2767 2768 -1
1634: 476 1357 1282 2348 719 2253 2313 2371 2400 2317 2624 710 108 1989 7 2374 2372 2375 2377 60 2395 1986 1616 -1
59: 1403 1483 1057 -1
1065: 2359 1617 1483 -1
114: 60 -1
114: 2279 -1
114: 1617 -1
114: 1617 -1
114: 60 -1
114: 3158 1501 2364 1057 476 2279 2401 60 2358 -1
114: 1501 2358 60 1483 -1
114: -1
163: -1
114: 61 7 -1
114: 2213 61 -1
114: 2855 61 -1
114: 61 -1
114: 61 -1
114: 61 452 -1
114: 61 2867 -1
114: 61 -1
114: 61 -1
114: 61 33 -1
114: 61 -1
114: 92 -1
114: 7 3248 42 62 16 -1
114: 134 13 96 33 62 -1
114: 62 -1
114: 30 62 33 -1
114: 96 31 62 -1
114: 62 -1
114: 62 -1
114: -1
114: 1287 63 -1
114: 63 -1
114: 63 -1
143: 63 -1
114: 63 -1
114: 96 3248 3247 63 -1
114: 183 114 161 3250 64 184 -1
1617: 64 -1
114: 64 1682 -1
1675: 111 64 -1
1676: 64 -1
1677: 1 64 65 1473 -1
1094: 1 64 65 1473 -1
1679: 96 13 64 65 16 -1
114: 64 -1
1534: 132 114 64 -1
114: -1
114: 1682 1734 1784 1785 1786 1787 1788 1789 1790 1791 1792 1793 -1
64: 1784 1785 1786 1734 1787 1788 1789 1790 1791 1792 1682 1793 -1
64: 1784 1785 1786 1734 1787 1788 1789 1790 1791 1792 1682 1793 -1
64: 1784 1785 1786 1734 1787 1788 1789 1790 1791 1792 1682 1793 -1
114: 1784 1785 1786 1734 1787 1788 1789 1790 1791 1792 1682 1793 -1
114: 1784 1785 1786 1734 1787 1788 1789 1790 1791 1792 1682 1793 -1
64: 1682 1734 1786 1784 1792 -1
114: 1784 1785 1786 1734 1787 1788 1789 1790 1791 1792 1682 1793 -1
64: 1682 1734 1786 1784 1792 -1
64: 1682 1734 1786 1784 1792 -1
64: 1784 1785 1786 1734 1787 1788 1789 1790 1791 1792 1682 1793 -1
148: 1784 1785 1786 1734 1787 1788 1789 1790 1791 1792 1682 1793 -1
64: 1682 1734 1786 1784 1792 -1
114: 1784 1785 1786 1734 1787 1788 1789 1790 1791 1792 1682 1793 -1
64: 1784 1785 1786 1734 1787 1788 1789 1790 1791 1792 1682 1793 -1
114: 1682 1734 1786 1784 1792 -1
161: 1784 1785 1786 1734 1787 1788 1789 1790 1791 1792 1682 1793 -1
64: 1682 1734 1786 1784 1792 -1
64: 1682 1734 1786 1784 1792 -1
64: 1682 1734 1786 1784 1792 -1
64: 1784 1785 1786 1734 1787 1788 1789 1790 1791 1792 1682 1793 -1
64: 1784 1785 1786 1734 1787 1788 1789 1790 1791 1792 1682 1793 -1
64: 1784 1785 1786 1734 1787 1788 1789 1790 1791 1792 1682 1793 -1
64: 1784 1785 1786 1734 1787 1788 1789 1790 1791 1792 1682 1793 -1
64: 1682 1734 1786 1784 1792 -1
64: 1784 1785 1786 1734 1787 1788 1789 1790 1791 1792 1682 1793 -1
64: 1682 1734 1786 1784 1792 -1
64: 1682 1734 1786 1784 1792 -1
64: 1682 1734 1786 1784 1792 -1
935: 1682 1734 1786 1784 1792 -1
1426: 1682 1734 1786 1784 1792 -1
64: 1682 1734 1786 1784 1792 -1
64: 1784 1785 1786 1734 1787 1788 1789 1790 1791 1792 1682 1793 -1
64: 1682 1734 1786 1784 1792 -1
64: 1784 1785 1786 1734 1787 1788 1789 1790 1791 1792 1682 1793 -1
64: 1784 1785 1786 1734 1787 1788 1789 1790 1791 1792 1682 1793 -1
64: 1682 1734 1786 1784 1792 -1
64: 1784 1785 1786 1734 1787 1788 1789 1790 1791 1792 1682 1793 -1
64: 1784 1785 1786 1734 1787 1788 1789 1790 1791 1792 1682 1793 -1
833: 1784 1785 1786 1734 1787 1788 1789 1790 1791 1792 1682 1793 -1
64: 1682 1734 1786 1784 1792 -1
116: 1682 1734 1786 1784 1792 -1
64: 1682 1734 1786 1784 1792 -1
64: 1682 1734 1786 1784 1792 -1
64: 1682 1734 1786 1784 1792 -1
64: 1784 1785 1786 1734 1787 1788 1789 1790 1791 1792 1682 1793 -1
64: 1784 1785 1786 1734 1787 1788 1789 1790 1791 1792 1682 1793 -1
64: 1784 1785 1786 1734 1787 1788 1789 1790 1791 1792 1682 1793 -1
64: 1682 1734 1786 1784 1792 -1
64: 1784 1785 1786 1734 1787 1788 1789 1790 1791 1792 1682 1793 -1
64: 1682 1734 1786 1784 1792 -1
1734: 1682 64 64 64 64 64 64 64 64 64 64 64 64 64 64 64 64 64 64 64 64 64 64 64 64 64 64 64 64 64 64 64 64 64 64 64 64 64 64 64 64 64 64 64 64 64 64 64 64 64 64 64 64 64 64 64 64 64 65 64 64 64 64 64 64 64 64 64 64 64 64 64 64 64 64 64 64 64 64 64 64 64 64 64 64 64 64 64 64 64 64 64 64 64 64 64 64 64 64 64 64 1786 1784 1792 -1
64: 1784 1785 1786 1734 1787 1788 1789 1790 1791 1792 1682 1793 -1
64: 1784 1785 1786 1734 1787 1788 1789 1790 1791 1792 1682 1793 -1
64: 1784 1785 1786 1734 1787 1788 1789 1790 1791 1792 1682 1793 -1
64: 1784 1785 1786 1734 1787 1788 1789 1790 1791 1792 1682 1793 -1
64: 1784 1785 1786 1734 1787 1788 1789 1790 1791 1792 1682 1793 -1
1172: -1
64: 1682 1734 1786 1784 1792 -1
64: 1682 1734 1786 1784 1792 -1
64: 1682 1734 1786 1784 1792 -1
64: 1682 1734 1786 1784 1792 -1
117: 1682 1734 1786 1784 1792 -1
64: 1682 1734 1786 1784 1792 -1
64: 1682 1734 1786 1784 1792 -1
64: 1682 1734 1786 1784 1792 -1
64: 1682 1734 1786 1784 1792 -1
64: 1682 1734 1786 1784 1792 -1
64: 1682 1734 1786 1784 1792 -1
64: 1682 1734 1786 1784 1792 -1
64: 1682 1734 1786 1784 1792 -1
10: 1682 1734 1786 1784 1792 -1
64: 1682 1734 1786 1784 1792 -1
64: 1682 1734 1786 1784 1792 -1
64: 1682 1734 1786 1784 1792 -1
64: 1682 1734 1786 1784 1792 -1
64: 1682 1734 1786 1784 1792 -1
64: 1682 1734 1786 1784 1792 -1
64: 1682 1734 1786 1784 1792 -1
64: 1682 1734 1786 1784 1792 -1
64: 1682 1734 1786 1784 1792 -1
64: 1682 1734 1786 1784 1792 -1
64: 1682 1734 1786 1784 1792 -1
64: 1682 1734 1786 1784 1792 -1
64: 1682 1734 1786 1784 1792 -1
64: 1682 1734 1786 1784 1792 -1
174: -1
64: 1682 1734 1786 1784 1792 -1
64: 1682 1734 1786 1784 1792 -1
64: 1682 1734 1786 1784 1792 -1
64: 1682 1734 1786 1784 1792 -1
64: 1784 1785 1786 1734 1787 1788 1789 1790 1791 1792 1682 1793 -1
119: 1682 1734 1786 1784 1792 -1
64: 1682 1734 1786 1784 1792 -1
64: 1682 1734 1786 1784 1792 -1
64: 1682 1734 1786 1784 1792 -1
119: 1682 1734 1786 1784 1792 -1
64: 1682 1734 1786 1784 1792 -1
64: 1682 1734 1786 1784 1792 -1
1611: 1682 1734 1786 1784 1792 -1
64: 1682 1734 1786 1784 1792 -1
1784: 1785 1790 1788 65 1792 1786 96 1791 -1
1785: 1790 1788 -1
1786: 1784 1785 1734 1787 1788 1789 1790 1791 1792 1682 65 1793 -1
64: -1
1788: 1785 65 1790 1792 1784 1791 1734 64 -1
137: 1788 1790 1792 65 1784 1786 96 -1
64: 1788 1785 1792 65 1784 1786 96 -1
1791: 1682 1786 1784 1792 1787 1790 1785 1788 65 1789 -1
1792: -1
1793: 65 64 64 64 64 64 64 64 64 64 64 64 64 64 64 64 64 64 64 64 64 64 64 64 64 64 64 64 64 64 1786 1784 1682 -1
1794: 65 126 178 -1
1101: 1788 1790 65 1792 1784 1786 96 -1
1796: 57 65 -1
1632: 65 96 33 -1
64: 65 126 178 -1
171: 65 -1
1800: 65 -1
1801: 43 66 710 -1
1802: 66 -1
1803: 66 96 -1
1804: 66 -1
45: 67 70 -1
1806: 67 -1
210: 67 -1
148: 67 -1
32: 67 163 664 -1
1810: 67 -1
1811: 19 3248 2333 67 3252 -1
210: 1506 67 -1
1195: 67 -1
1814: 75 70 67 -1
1815: 67 -1
1816: 1 -1
1817: 68 -1
221: 68 -1
1819: 74 68 -1
1820: 105 68 922 1506 2190 -1
1821: 65 171 74 105 68 33 -1
1822: 1588 710 2333 96 33 68 31 1604 111 466 142 24 74 86 2551 720 47 30 49 134 1078 929 -1
1823: 68 105 -1
659: 1 68 -1
1825: 68 -1
1826: 68 -1
45: 68 -1
1648: 68 -1
1133: 68 -1
1336: 68 -1
1431: 68 1820 -1
359: 4 -1
1833: 4 -1
134: 4 359 2767 2768 -1
1571: 4 -1
1836: 4 -1
338: 4 -1
1118: 70 -1
1118: 70 -1
51: 70 111 111 -1
1841: 70 -1
1662: 74 70 58 359 2767 2768 -1
1455: 2626 33 71 -1
51: 71 -1
183: 71 -1
51: -1
51: -1
51: -1
1849: 1592 -1
1662: 1592 -1
1851: 1592 -1
1852: 1592 -1
1853: 1592 -1
1151: 1592 -1
1855: 74 -1
51: 1592 -1
124: 75 -1
124: 75 359 2767 2768 -1
124: 75 -1
124: 75 -1
124: 1266 75 -1
124: 75 -1
124: 75 -1
124: 75 18 131 1154 -1
124: 75 -1
124: 75 -1
124: 65 -1
124: 76 -1
184: 76 73 -1
124: 76 -1
124: 3248 476 2047 -1
124: -1
1817: -1
73: -1
73: 1869 -1
124: 76 -1
73: -1
73: -1
1159: 76 -1
1880: 73 76 73 73 73 73 -1
124: 77 -1
1163: 1885 1886 1884 1887 77 -1
74: -1
1680: 1163 1885 1886 -1
1885: 1163 1884 -1
124: 1163 1884 -1
124: 1884 1885 1886 1881 77 -1
124: 77 1881 -1
1163: 77 -1
51: 77 -1
124: 77 -1
1165: 77 -1
1893: 77 -1
74: 1881 -1
74: 1884 1885 1886 1887 -1
124: 77 -1
1897: 77 526 -1
51: 2388 77 2401 -1
144: 77 -1
125: 77 -1
125: 77 1884 -1
125: 77 -1
1903: 77 -1
64: 77 -1
64: 1884 1887 77 -1
137: 77 -1
64: 77 -1
125: 77 1881 -1
64: 77 1881 1164 -1
537: 77 -1
74: 1884 1885 1886 1887 -1
64: 1884 1885 1886 1887 -1
64: 77 1881 1163 1165 -1
1163: 77 -1
1166: 77 -1
359: 78 -1
64: -1
64: -1
125: 78 111 -1
134: 78 359 2767 2768 -1
148: -1
76: 1921 -1
1455: 79 -1
10: 79 -1
513: 96 79 -1
1425: 1921 -1
76: 1921 -1
1177: 79 -1
76: 1921 -1
45: 1921 -1
40: 1921 -1
1932: 79 -1
1933: -1
1667: 79 -1
126: 79 -1
1179: 79 -1
148: 1921 -1
1180: -1
1179: 79 -1
76: 1921 -1
32: 1921 -1
126: 1921 -1
76: 1921 -1
76: 1921 1 -1
193: 1921 1180 1933 -1
1946: 105 79 -1
1947: -1
0: -1
1949: -1
1950: 80 -1
1186: 80 -1
1952: 1955 80 -1
64: 80 -1
32: 80 -1
1955: -1
1956: 80 -1
1957: 1955 -1
1958: 1955 -1
1959: 80 -1
78: -1
1664: 81 -1
45: 7 82 96 2059 3248 127 81 435 33 -1
111: 81 78 -1
1964: 96 82 -1
64: -1
64: 33 96 3159 82 2661 1645 134 1592 -1
64: 111 5 96 16 82 24 92 3257 -1
64: 82 -1
0: 1682 82 -1
64: 82 -1
45: 1501 -1
32: -1
64: -1
1974: 476 3158 916 1971 1973 1978 -1
64: -1
64: -1
1977: -1
1978: -1
45: -1
1209: -1
1981: -1
1205: -1
1983: -1
199: -1
1985: 476 2265 108 1992 189 2350 2870 2877 1592 96 -1
1986: 2401 1069 2365 476 108 2388 2377 1357 2358 2265 2047 65 238 2364 2368 2374 2375 2382 2386 719 2400 2345 1987 2351 1282 2357 2279 2317 189 2262 2394 -1
45: 432 2401 2348 2392 476 52 2357 1475 2365 1483 1282 2400 2390 2375 2368 2345 2366 1391 1268 2395 2397 2279 2265 1501 2386 2378 2358 25 2364 2371 2351 773 2370 373 2317 2382 2394 719 -1
1425: 476 2047 2383 1475 52 2365 2265 2378 2391 2401 3158 -1
134: -1
0: 2345 719 2265 2368 2401 2279 2383 2348 189 2854 2853 1268 121 2360 2317 2371 3158 476 2286 2847 -1
1991: 476 -1
64: 1501 -1
1993: 84 1592 -1
41: 1265 13 84 3259 -1
64: 84 -1
1996: 84 -1
1997: 84 -1
1946: 84 -1
191: 85 13 1281 1682 -1
2000: 85 -1
2001: 3201 2755 466 85 1645 33 74 664 26 824 96 -1
2002: 85 -1
352: 246 163 85 1649 -1
2004: -1
2005: 2004 86 132 150 1229 1229 -1
134: 143 86 47 110 132 155 96 119 178 359 2767 2768 -1
2007: 86 1448 2736 -1
83: 2004 -1
1229: 86 150 -1
1229: 86 -1
83: 2004 -1
83: 2004 -1
83: 2004 -1
83: 2004 -1
83: 2004 -1
2016: 86 2801 -1
359: 96 47 86 178 132 110 155 143 119 -1
2018: 1592 -1
1233: 1592 -1
1233: 1592 -1
1233: 1592 -1
1233: 1592 -1
1233: 1592 -1
1233: 1592 -1
1233: 1592 -1
1233: 1592 -1
1233: 1592 -1
1233: 1592 -1
2029: 173 88 -1
2030: 88 -1
2031: 88 -1
2032: 88 -1
2033: 88 -1
2034: 96 1287 1473 79 65 2333 -1
2035: 88 -1
2036: 89 -1
2037: 89 -1
2038: 3253 89 -1
2039: 131 3253 89 96 -1
2040: 1266 89 -1
2041: 89 -1
210: 1506 -1
2043: -1
48: 1843 190 825 -1
203: 96 1978 2348 65 1268 815 2366 476 2253 48 3248 -1
2046: 48 -1
2047: 48 48 -1
2048: 2348 720 48 48 -1
2049: 2354 476 1501 -1
189: 1473 113 48 48 0 0 0 1 96 33 7 111 11 -1
189: 48 48 2846 33 7 -1
2052: 48 -1
2053: 48 -1
2054: 2189 48 96 7 74 3239 1506 1014 -1
1248: 65 1978 -1
2056: 2857 2622 65 3247 1493 3174 33 -1
86: 2109 3128 -1
2058: 2109 -1
2059: 2065 91 -1
1258: 2065 91 -1
1258: 2065 91 -1
2062: 2065 86 91 -1
1259: 2065 86 91 -1
2064: 2065 91 -1
2065: 2059 86 91 -1
2066: -1
1262: -1
2068: -1
204: 92 -1
2070: 92 96 -1
2071: 92 3237 -1
352: 65 134 33 281 92 -1
359: 92 -1
2074: 2855 92 -1
2075: 92 -1
1267: 92 -1
2077: 92 -1
2078: 92 -1
2079: 92 -1
2080: -1
2081: 93 -1
88: 2081 -1
1274: 93 -1
2084: 2081 93 -1
1274: 93 -1
2086: 93 -1
2071: 2081 93 -1
1274: 93 -1
2089: 93 -1
2048: 2081 93 -1
88: 2081 -1
2092: 93 -1
2093: 93 -1
2094: 2101 94 2853 2855 -1
1282: 2101 94 2853 2855 -1
1282: 2101 94 2853 2855 -1
1282: 2101 94 2853 2855 -1
2046: 2101 94 2853 2855 -1
201: 94 -1
2100: 445 2870 2187 2626 65 94 1681 -1
2101: 1282 -1
48: 94 -1
1282: 2101 94 2853 2855 -1
1282: 2101 94 2853 2855 -1
1282: 2101 94 2853 2855 -1
229: 94 -1
2107: 2108 2190 -1
2108: -1
2109: -1
2110: 95 103 -1
303: -1
2112: 96 -1
1289: 96 -1
1289: 1682 33 -1
1289: 96 -1
1289: 96 -1
1289: 96 -1
1289: 96 -1
1289: 96 -1
1289: 96 -1
1289: 96 -1
1289: 96 -1
1289: 96 -1
91: 303 -1
2125: 96 -1
2126: 96 33 111 74 -1
1289: 96 -1
1289: 96 -1
1289: 96 -1
2130: 33 96 -1
2131: 96 33 3252 -1
1289: 96 1682 2680 -1
1289: 96 -1
1289: 96 -1
2135: 1682 96 -1
2136: 96 1682 -1
314: 33 0 3257 96 1287 2624 2551 7 2894 3128 -1
1289: 96 -1
1289: 96 -1
1289: -1
2141: 96 -1
2142: 97 2487 -1
2143: 97 -1
20: 2673 97 -1
213: 97 664 -1
783: 2 97 -1
2147: 664 97 3133 -1
26: 97 65 -1
1302: 97 65 -1
134: 97 2004 2767 2768 -1
2151: 246 664 3133 97 -1
2152: 97 -1
2153: 97 -1
2154: 173 97 -1
48: 97 41 -1
2156: 664 97 2333 -1
243: 5 2658 2660 246 664 30 41 97 2333 -1
467: 97 -1
2159: 246 664 281 97 -1
2160: 0 246 97 -1
2161: 0 97 37 128 -1
2162: 97 -1
2163: 2673 97 2004 246 -1
2143: 79 2661 1645 46 -1
1: -1
2166: 1 1 1 1 -1
2167: 1 111 466 -1
1: -1
214: 1011 1 96 -1
1313: 1 1 1 1 -1
2171: 1 1604 -1
2135: 1 -1
1289: -1
1318: -1
2175: -1
2162: 2186 2187 2188 2189 2190 -1
94: 2186 2187 2188 2189 2190 -1
94: 2186 2187 2188 2189 2190 -1
265: 2186 2187 2188 2189 2190 -1
94: 2186 2187 2188 2189 2190 -1
2144: 2186 2187 2188 2189 2190 -1
1289: 2186 2187 2188 2189 2190 -1
94: 2186 2187 2188 2189 2190 2199 3248 -1
94: 2186 2187 2188 2189 2190 -1
2166: 2186 2187 2188 2189 2190 -1
20: -1
2171: -1
2188: -1
2189: 2188 -1
26: -1
94: 2186 2187 2188 2189 2190 -1
94: 2186 2187 2188 2189 2190 -1
94: 2186 2187 2188 2189 2190 -1
20: 2186 2187 2188 2189 2190 -1
94: 2186 2187 2188 2189 2190 -1
94: 2186 2187 2188 2189 2190 -1
94: 2186 2187 2188 2189 2190 -1
783: 2186 2187 2188 2189 2190 -1
211: -1
2200: 2199 101 -1
2201: 3248 1506 2188 101 2199 -1
1327: 101 2199 -1
2203: 101 -1
2204: -1
95: 2204 -1
95: 2204 -1
95: 2204 -1
1289: 2204 -1
134: 103 359 2767 2768 -1
359: 103 -1
2211: 103 -1
2212: 103 -1
2213: -1
1180: 104 -1
2215: 96 -1
2216: 104 -1
359: 135 41 165 126 104 109 96 7 -1
2218: 2220 -1
1335: 2220 -1
2220: 1335 -1
1019: 105 -1
359: 1448 720 1570 106 -1
2223: 2894 106 -1
134: 1570 106 1448 720 359 2767 2768 -1
2225: -1
2226: 107 -1
299: -1
2228: -1
2229: -1
2230: 2870 -1
213: 107 65 -1
21: 2225 2229 -1
2233: 107 -1
2234: 107 1347 2047 1491 3158 -1
1346: 107 2345 2047 52 1491 2371 3158 -1
21: 2047 476 -1
1347: -1
2238: 2870 -1
2212: 107 2047 -1
213: 2870 107 -1
2241: 107 -1
101: 2243 2244 2246 2248 2249 2252 2253 2255 2256 2258 1361 2261 2262 8 2340 2341 1357 2313 2343 2344 2345 2346 476 2347 2348 1069 2318 2350 2351 2265 2352 1391 2354 719 2355 1501 1394 2357 2358 2047 2359 2360 2361 2362 2286 2363 2364 2365 2366 2367 2368 2369 2370 2371 2372 1381 2374 2375 2376 2378 1268 2380 2381 2382 2383 2384 2385 2386 2387 2388 2389 2390 2391 2392 48 2394 2395 2396 2397 2398 2399 2400 2401 -1
2243: -1
2212: -1
223: 2243 2244 2246 2248 2249 2252 2253 2255 2256 2258 1361 2261 2262 8 2340 2341 1357 2313 2343 2344 2345 2346 476 2347 2348 1069 2318 2350 2351 2265 2352 1391 2354 719 2355 1501 1394 2357 2358 2047 2359 2360 2361 2362 2286 2363 2364 2365 2366 2367 2368 2369 2370 2371 2372 1381 2374 2375 2376 2378 1268 2380 2381 2382 2383 2384 2385 2386 2387 2388 2389 2390 2391 2392 48 2394 2395 2396 2397 2398 2399 2400 2401 -1
2246: -1
101: 2243 2244 2246 2248 2249 2252 2253 2255 2256 2258 1361 2261 2262 8 2340 2341 1357 2313 2343 2344 2345 2346 476 2347 2348 1069 2318 2350 2351 2265 2352 1391 2354 719 2355 1501 1394 2357 2358 2047 2359 2360 2361 2362 2286 2363 2364 2365 2366 2367 2368 2369 2370 2371 2372 1381 2374 2375 2376 2378 1268 2380 2381 2382 2383 2384 2385 2386 2387 2388 2389 2390 2391 2392 48 2394 2395 2396 2397 2398 2399 2400 2401 -1
2248: -1
2249: 1501 2248 -1
2250: 2264 1973 2278 1268 2249 1501 3158 2344 2348 476 2363 2365 2368 2371 2372 1480 2380 2855 2382 2397 2398 2047 710 65 2867 2271 -1
101: 2243 2244 2246 2248 2249 2252 2253 2255 2256 2258 1361 2261 2262 8 2340 2341 1357 2313 2343 2344 2345 2346 476 2347 2348 1069 2318 2350 2351 2265 2352 1391 2354 719 2355 1501 1394 2357 2358 2047 2359 2360 2361 2362 2286 2363 2364 2365 2366 2367 2368 2369 2370 2371 2372 1381 2374 2375 2376 2378 1268 2380 2381 2382 2383 2384 2385 2386 2387 2388 2389 2390 2391 2392 48 2394 2395 2396 2397 2398 2399 2400 2401 -1
2252: 2370 2253 2364 2359 476 1069 1391 2388 -1
2253: 476 1357 184 2855 2345 2406 25 1282 2348 1069 2265 108 65 2262 2352 2354 2395 719 2357 2358 2359 2363 2364 2365 2366 435 2367 2368 2369 2370 2279 2374 2372 2401 189 2377 1268 2299 2382 2383 2385 2386 2336 2389 1357 2392 1450 2400 1491 2252 1473 2340 1682 922 1788 -1
2211: 2243 2244 2246 2248 2249 2252 2253 2255 2256 2258 1361 2261 2262 8 2340 2341 1357 2313 2343 2344 2345 2346 476 2347 2348 1069 2318 2350 2351 2265 2352 1391 2354 719 2355 1501 1394 2357 2358 2047 2359 2360 2361 2362 2286 2363 2364 2365 2366 2367 2368 2369 2370 2371 2372 1381 2374 2375 2376 2378 1268 2380 2381 2382 2383 2384 2385 2386 2387 2388 2389 2390 2391 2392 48 2394 2395 2396 2397 2398 2399 2400 2401 -1
359: -1
2256: -1
101: 2243 2244 2246 2248 2249 2252 2253 2255 2256 2258 1361 2261 2262 8 2340 2341 1357 2313 2343 2344 2345 2346 476 2347 2348 1069 2318 2350 2351 2265 2352 1391 2354 719 2355 1501 1394 2357 2358 2047 2359 2360 2361 2362 2286 2363 2364 2365 2366 2367 2368 2369 2370 2371 2372 1381 2374 2375 2376 2378 1268 2380 2381 2382 2383 2384 2385 2386 2387 2388 2389 2390 2391 2392 48 2394 2395 2396 2397 2398 2399 2400 2401 -1
2258: 1501 -1
1361: 1501 -1
101: 2243 2244 2246 2248 2249 2252 2253 2255 2256 2258 1361 2261 2262 8 2340 2341 1357 2313 2343 2344 2345 2346 476 2347 2348 1069 2318 2350 2351 2265 2352 1391 2354 719 2355 1501 1394 2357 2358 2047 2359 2360 2361 2362 2286 2363 2364 2365 2366 2367 2368 2369 2370 2371 2372 1381 2374 2375 2376 2378 1268 2380 2381 2382 2383 2384 2385 2386 2387 2388 2389 2390 2391 2392 48 2394 2395 2396 2397 2398 2399 2400 2401 -1
2261: -1
2262: 2359 2333 2261 2278 -1
359: 2243 2244 2246 2248 2249 2252 2253 2255 2256 2258 1361 2261 2262 8 2340 2341 1357 2313 2343 2344 2345 2346 476 2347 2348 1069 2318 2350 2351 2265 2352 1391 2354 719 2355 1501 1394 2357 2358 2047 2359 2360 2361 2362 2286 2363 2364 2365 2366 2367 2368 2369 2370 2371 2372 1381 2374 2375 2376 2378 1268 2380 2381 2382 2383 2384 2385 2386 2387 2388 2389 2390 2391 2392 48 2394 2395 2396 2397 2398 2399 2400 2401 -1
2264: 1501 -1
2265: 2368 2264 1501 2190 2395 -1
101: 2264 2265 2267 2268 2269 2271 1369 1369 2275 2276 2278 2279 2281 2282 2283 2285 2286 2287 2289 2290 2292 2294 2295 2296 2297 2298 2299 48 2303 2304 1390 2307 2309 8 2312 2313 2314 2316 2317 2318 1366 2321 2323 8 2340 2341 1357 2343 2344 2345 2262 2346 476 2347 2348 1069 2350 2351 2352 1391 2354 719 2355 1501 1394 2357 2358 2047 2359 2360 2361 2362 2363 2364 2365 2366 2367 2368 2369 2370 2371 2372 1381 2374 2375 2376 2378 1268 2380 2381 2253 2382 2383 2384 2385 2386 2387 2388 2389 2390 2391 2392 48 2394 2395 2396 2397 2398 2399 2400 2401 -1
2267: -1
2268: -1
224: -1
101: 2264 2265 2267 2268 2269 2271 1369 1369 2275 2276 2278 2279 2281 2282 2283 2285 2286 2287 2289 2290 2292 2294 2295 2296 2297 2298 2299 48 2303 2304 1390 2307 2309 8 2312 2313 2314 2316 2317 2318 1366 2321 2323 8 2340 2341 1357 2343 2344 2345 2262 2346 476 2347 2348 1069 2350 2351 2352 1391 2354 719 2355 1501 1394 2357 2358 2047 2359 2360 2361 2362 2363 2364 2365 2366 2367 2368 2369 2370 2371 2372 1381 2374 2375 2376 2378 1268 2380 2381 2253 2382 2383 2384 2385 2386 2387 2388 2389 2390 2391 2392 48 2394 2395 2396 2397 2398 2399 2400 2401 -1
2271: -1
1369: -1
359: -1
101: 2264 2265 2267 2268 2269 2271 1369 1369 2275 2276 2278 2279 2281 2282 2283 2285 2286 2287 2289 2290 2292 2294 2295 2296 2297 2298 2299 48 2303 2304 1390 2307 2309 8 2312 2313 2314 2316 2317 2318 1366 2321 2323 8 2340 2341 1357 2343 2344 2345 2262 2346 476 2347 2348 1069 2350 2351 2352 1391 2354 719 2355 1501 1394 2357 2358 2047 2359 2360 2361 2362 2363 2364 2365 2366 2367 2368 2369 2370 2371 2372 1381 2374 2375 2376 2378 1268 2380 2381 2253 2382 2383 2384 2385 2386 2387 2388 2389 2390 2391 2392 48 2394 2395 2396 2397 2398 2399 2400 2401 -1
2275: -1
2276: 2647 2842 2855 121 -1
101: 2264 2265 2267 2268 2269 2271 1369 1369 2275 2276 2278 2279 2281 2282 2283 2285 2286 2287 2289 2290 2292 2294 2295 2296 2297 2298 2299 48 2303 2304 1390 2307 2309 8 2312 2313 2314 2316 2317 2318 1366 2321 2323 8 2340 2341 1357 2343 2344 2345 2262 2346 476 2347 2348 1069 2350 2351 2352 1391 2354 719 2355 1501 1394 2357 2358 2047 2359 2360 2361 2362 2363 2364 2365 2366 2367 2368 2369 2370 2371 2372 1381 2374 2375 2376 2378 1268 2380 2381 2253 2382 2383 2384 2385 2386 2387 2388 2389 2390 2391 2392 48 2394 2395 2396 2397 2398 2399 2400 2401 -1
2278: -1
2279: 2853 2401 2345 2348 2286 2367 2368 2378 1268 1501 476 2384 2386 2398 2351 2265 2354 -1
101: 2264 2265 2267 2268 2269 2271 1369 1369 2275 2276 2278 2279 2281 2282 2283 2285 2286 2287 2289 2290 2292 2294 2295 2296 2297 2298 2299 48 2303 2304 1390 2307 2309 8 2312 2313 2314 2316 2317 2318 1366 2321 2323 8 2340 2341 1357 2343 2344 2345 2262 2346 476 2347 2348 1069 2350 2351 2352 1391 2354 719 2355 1501 1394 2357 2358 2047 2359 2360 2361 2362 2363 2364 2365 2366 2367 2368 2369 2370 2371 2372 1381 2374 2375 2376 2378 1268 2380 2381 2253 2382 2383 2384 2385 2386 2387 2388 2389 2390 2391 2392 48 2394 2395 2396 2397 2398 2399 2400 2401 -1
2281: -1
2282: -1
2283: -1
101: 2264 2265 2267 2268 2269 2271 1369 1369 2275 2276 2278 2279 2281 2282 2283 2285 2286 2287 2289 2290 2292 2294 2295 2296 2297 2298 2299 48 2303 2304 1390 2307 2309 8 2312 2313 2314 2316 2317 2318 1366 2321 2323 8 2340 2341 1357 2343 2344 2345 2262 2346 476 2347 2348 1069 2350 2351 2352 1391 2354 719 2355 1501 1394 2357 2358 2047 2359 2360 2361 2362 2363 2364 2365 2366 2367 2368 2369 2370 2371 2372 1381 2374 2375 2376 2378 1268 2380 2381 2253 2382 2383 2384 2385 2386 2387 2388 2389 2390 2391 2392 48 2394 2395 2396 2397 2398 2399 2400 2401 -1
2285: -1
2286: 7 2401 2333 1268 2345 -1
2271: -1
101: 2264 2265 2267 2268 2269 2271 1369 1369 2275 2276 2278 2279 2281 2282 2283 2285 2286 2287 2289 2290 2292 2294 2295 2296 2297 2298 2299 48 2303 2304 1390 2307 2309 8 2312 2313 2314 2316 2317 2318 1366 2321 2323 8 2340 2341 1357 2343 2344 2345 2262 2346 476 2347 2348 1069 2350 2351 2352 1391 2354 719 2355 1501 1394 2357 2358 2047 2359 2360 2361 2362 2363 2364 2365 2366 2367 2368 2369 2370 2371 2372 1381 2374 2375 2376 2378 1268 2380 2381 2253 2382 2383 2384 2385 2386 2387 2388 2389 2390 2391 2392 48 2394 2395 2396 2397 2398 2399 2400 2401 -1
2289: -1
2248: -1
101: 2264 2265 2267 2268 2269 2271 1369 1369 2275 2276 2278 2279 2281 2282 2283 2285 2286 2287 2289 2290 2292 2294 2295 2296 2297 2298 2299 48 2303 2304 1390 2307 2309 8 2312 2313 2314 2316 2317 2318 1366 2321 2323 8 2340 2341 1357 2343 2344 2345 2262 2346 476 2347 2348 1069 2350 2351 2352 1391 2354 719 2355 1501 1394 2357 2358 2047 2359 2360 2361 2362 2363 2364 2365 2366 2367 2368 2369 2370 2371 2372 1381 2374 2375 2376 2378 1268 2380 2381 2253 2382 2383 2384 2385 2386 2387 2388 2389 2390 2391 2392 48 2394 2395 2396 2397 2398 2399 2400 2401 -1
2292: -1
101: 2264 2265 2267 2268 2269 2271 1369 1369 2275 2276 2278 2279 2281 2282 2283 2285 2286 2287 2289 2290 2292 2294 2295 2296 2297 2298 2299 48 2303 2304 1390 2307 2309 8 2312 2313 2314 2316 2317 2318 1366 2321 2323 8 2340 2341 1357 2343 2344 2345 2262 2346 476 2347 2348 1069 2350 2351 2352 1391 2354 719 2355 1501 1394 2357 2358 2047 2359 2360 2361 2362 2363 2364 2365 2366 2367 2368 2369 2370 2371 2372 1381 2374 2375 2376 2378 1268 2380 2381 2253 2382 2383 2384 2385 2386 2387 2388 2389 2390 2391 2392 48 2394 2395 2396 2397 2398 2399 2400 2401 -1
2238: -1
1346: -1
2296: 2294 2295 -1
2262: -1
2246: -1
221: -1
101: 2264 2265 2267 2268 2269 2271 1369 1369 2275 2276 2278 2279 2281 2282 2283 2285 2286 2287 2289 2290 2292 2294 2295 2296 2297 2298 2299 48 2303 2304 1390 2307 2309 8 2312 2313 2314 2316 2317 2318 1366 2321 2323 8 2340 2341 1357 2343 2344 2345 2262 2346 476 2347 2348 1069 2350 2351 2352 1391 2354 719 2355 1501 1394 2357 2358 2047 2359 2360 2361 2362 2363 2364 2365 2366 2367 2368 2369 2370 2371 2372 1381 2374 2375 2376 2378 1268 2380 2381 2253 2382 2383 2384 2385 2386 2387 2388 2389 2390 2391 2392 48 2394 2395 2396 2397 2398 2399 2400 2401 -1
48: -1
101: 2264 2265 2267 2268 2269 2271 1369 1369 2275 2276 2278 2279 2281 2282 2283 2285 2286 2287 2289 2290 2292 2294 2295 2296 2297 2298 2299 48 2303 2304 1390 2307 2309 8 2312 2313 2314 2316 2317 2318 1366 2321 2323 8 2340 2341 1357 2343 2344 2345 2262 2346 476 2347 2348 1069 2350 2351 2352 1391 2354 719 2355 1501 1394 2357 2358 2047 2359 2360 2361 2362 2363 2364 2365 2366 2367 2368 2369 2370 2371 2372 1381 2374 2375 2376 2378 1268 2380 2381 2253 2382 2383 2384 2385 2386 2387 2388 2389 2390 2391 2392 48 2394 2395 2396 2397 2398 2399 2400 2401 -1
2303: -1
2304: -1
101: 2264 2265 2267 2268 2269 2271 1369 1369 2275 2276 2278 2279 2281 2282 2283 2285 2286 2287 2289 2290 2292 2294 2295 2296 2297 2298 2299 48 2303 2304 1390 2307 2309 8 2312 2313 2314 2316 2317 2318 1366 2321 2323 8 2340 2341 1357 2343 2344 2345 2262 2346 476 2347 2348 1069 2350 2351 2352 1391 2354 719 2355 1501 1394 2357 2358 2047 2359 2360 2361 2362 2363 2364 2365 2366 2367 2368 2369 2370 2371 2372 1381 2374 2375 2376 2378 1268 2380 2381 2253 2382 2383 2384 2385 2386 2387 2388 2389 2390 2391 2392 48 2394 2395 2396 2397 2398 2399 2400 2401 -1
1390: -1
2307: -1
101: 2264 2265 2267 2268 2269 2271 1369 1369 2275 2276 2278 2279 2281 2282 2283 2285 2286 2287 2289 2290 2292 2294 2295 2296 2297 2298 2299 48 2303 2304 1390 2307 2309 8 2312 2313 2314 2316 2317 2318 1366 2321 2323 8 2340 2341 1357 2343 2344 2345 2262 2346 476 2347 2348 1069 2350 2351 2352 1391 2354 719 2355 1501 1394 2357 2358 2047 2359 2360 2361 2362 2363 2364 2365 2366 2367 2368 2369 2370 2371 2372 1381 2374 2375 2376 2378 1268 2380 2381 2253 2382 2383 2384 2385 2386 2387 2388 2389 2390 2391 2392 48 2394 2395 2396 2397 2398 2399 2400 2401 -1
2309: -1
101: 2264 2265 2267 2268 2269 2271 1369 1369 2275 2276 2278 2279 2281 2282 2283 2285 2286 2287 2289 2290 2292 2294 2295 2296 2297 2298 2299 48 2303 2304 1390 2307 2309 8 2312 2313 2314 2316 2317 2318 1366 2321 2323 8 2340 2341 1357 2343 2344 2345 2262 2346 476 2347 2348 1069 2350 2351 2352 1391 2354 719 2355 1501 1394 2357 2358 2047 2359 2360 2361 2362 2363 2364 2365 2366 2367 2368 2369 2370 2371 2372 1381 2374 2375 2376 2378 1268 2380 2381 2253 2382 2383 2384 2385 2386 2387 2388 2389 2390 2391 2392 48 2394 2395 2396 2397 2398 2399 2400 2401 -1
8: -1
2312: -1
2313: 2276 2275 2312 476 2348 2375 2388 2261 48 2344 1357 2401 2252 1069 108 2360 2361 2366 2371 2374 2377 2382 2384 2386 719 2391 2343 2397 2398 2400 33 -1
2314: -1
101: 2264 2265 2267 2268 2269 2271 1369 1369 2275 2276 2278 2279 2281 2282 2283 2285 2286 2287 2289 2290 2292 2294 2295 2296 2297 2298 2299 48 2303 2304 1390 2307 2309 8 2312 2313 2314 2316 2317 2318 1366 2321 2323 8 2340 2341 1357 2343 2344 2345 2262 2346 476 2347 2348 1069 2350 2351 2352 1391 2354 719 2355 1501 1394 2357 2358 2047 2359 2360 2361 2362 2363 2364 2365 2366 2367 2368 2369 2370 2371 2372 1381 2374 2375 2376 2378 1268 2380 2381 2253 2382 2383 2384 2385 2386 2387 2388 2389 2390 2391 2392 48 2394 2395 2396 2397 2398 2399 2400 2401 -1
2316: 2317 -1
2317: -1
212: 476 1268 3158 -1
101: 2264 2265 2267 2268 2269 2271 1369 1369 2275 2276 2278 2279 2281 2282 2283 2285 2286 2287 2289 2290 2292 2294 2295 2296 2297 2298 2299 48 2303 2304 1390 2307 2309 8 2312 2313 2314 2316 2317 2318 1366 2321 2323 8 2340 2341 1357 2343 2344 2345 2262 2346 476 2347 2348 1069 2350 2351 2352 1391 2354 719 2355 1501 1394 2357 2358 2047 2359 2360 2361 2362 2363 2364 2365 2366 2367 2368 2369 2370 2371 2372 1381 2374 2375 2376 2378 1268 2380 2381 2253 2382 2383 2384 2385 2386 2387 2388 2389 2390 2391 2392 48 2394 2395 2396 2397 2398 2399 2400 2401 -1
1366: -1
2321: -1
101: 2321 2323 2262 2383 8 2340 2341 1357 2313 2343 2344 2345 2346 476 2347 2348 1069 2318 2350 2351 2265 2352 1391 2354 719 2355 1501 1394 2357 2358 2047 2359 2360 2361 2362 2286 2363 2364 2365 2366 2367 2368 2369 2370 2371 2372 1381 2374 2375 2376 2378 1268 2380 2381 2253 2382 2384 2385 2386 2387 2388 2389 2390 2391 2392 48 2394 2395 2396 2397 2398 2399 2400 2401 -1
2323: -1
101: 2264 2265 2267 2268 2269 2271 1369 1369 2275 2276 2278 2279 2281 2282 2283 2285 2286 2287 2289 2290 2292 2294 2295 2296 2297 2298 2299 48 2303 2304 1390 2307 2309 8 2312 2313 2314 2316 2317 2318 1366 2321 2323 8 2340 2341 1357 2343 2344 2345 2262 2346 476 2347 2348 1069 2350 2351 2352 1391 2354 719 2355 1501 1394 2357 2358 2047 2359 2360 2361 2362 2363 2364 2365 2366 2367 2368 2369 2370 2371 2372 1381 2374 2375 2376 2378 1268 2380 2381 2253 2382 2383 2384 2385 2386 2387 2388 2389 2390 2391 2392 48 2394 2395 2396 2397 2398 2399 2400 2401 -1
2325: -1
2264: -1
2327: -1
2289: -1
1287: -1
101: 2325 2326 2327 1403 1287 2331 2332 2333 2335 2336 1408 2244 476 432 2397 8 2340 2341 1357 2313 2343 2344 2345 2262 2346 2347 2348 1069 2318 2350 2351 2265 2352 1391 2354 719 2355 1501 1394 2357 2358 2047 2359 2360 2361 2362 2286 2363 2364 2365 2366 2367 2368 2369 2370 2371 2372 1381 2374 2375 2376 2378 1268 2380 2381 2253 2382 2383 2384 2385 2386 2387 2388 2389 2390 2391 2392 48 2394 2395 2396 2398 2399 2400 2401 -1
2331: 2333 -1
2332: -1
2333: -1
101: 2325 2326 2327 1403 1287 2331 2332 2333 2335 2336 1408 2244 476 432 2397 8 2340 2341 1357 2313 2343 2344 2345 2262 2346 2347 2348 1069 2318 2350 2351 2265 2352 1391 2354 719 2355 1501 1394 2357 2358 2047 2359 2360 2361 2362 2286 2363 2364 2365 2366 2367 2368 2369 2370 2371 2372 1381 2374 2375 2376 2378 1268 2380 2381 2253 2382 2383 2384 2385 2386 2387 2388 2389 2390 2391 2392 48 2394 2395 2396 2398 2399 2400 2401 -1
2335: -1
2336: 2406 476 108 3212 2335 -1
1408: 2406 476 108 3212 2335 -1
2292: 2325 2326 2327 1403 1287 2331 2332 2333 2335 2336 1408 2244 476 432 2397 8 2340 2341 1357 2313 2343 2344 2345 2262 2346 2347 2348 1069 2318 2350 2351 2265 2352 1391 2354 719 2355 1501 1394 2357 2358 2047 2359 2360 2361 2362 2286 2363 2364 2365 2366 2367 2368 2369 2370 2371 2372 1381 2374 2375 2376 2378 1268 2380 2381 2253 2382 2383 2384 2385 2386 2387 2388 2389 2390 2391 2392 48 2394 2395 2396 2398 2399 2400 2401 -1
8: -1
2340: 108 -1
2341: -1
2289: 1506 476 1391 65 2377 2366 2313 2400 719 1989 2357 1069 1282 108 2395 2347 2253 2376 2344 3158 -1
2294: 1501 -1
2344: 1501 -1
233: 2286 1501 -1
2346: 2265 2389 2318 2367 -1
2347: 476 65 1602 2854 2348 1681 2855 -1
2348: 2401 2333 719 2854 2279 2313 3158 -1
1069: 476 1357 1282 2348 719 2253 2313 2371 2400 2317 2624 710 -1
2350: -1
2351: 65 -1
2352: 2363 2392 476 2366 2360 2387 2265 2389 2357 1357 2395 1480 108 2348 2351 2394 58 3158 -1
1289: 2279 2401 1501 -1
2354: 2359 2253 2363 476 -1
2355: 2383 2286 1501 3158 -1
248: 476 2348 52 108 1501 -1
2357: 108 1501 -1
2358: 1501 -1
2359: 476 3174 3248 720 65 2262 2348 2354 2843 2371 2363 2366 2370 189 2377 2389 2395 719 2864 -1
2360: -1
248: 2047 476 2344 2313 1501 1510 -1
2362: -1
2363: 1485 2354 476 2348 108 2359 2366 2253 2392 719 2864 3158 -1
2364: 1501 -1
2365: 2345 3158 -1
2366: 7 158 1485 -1
2367: 2246 2348 1989 2279 108 2346 -1
2368: -1
234: 476 1501 -1
2370: 2359 2392 2341 2252 2253 108 101 476 3242 1391 2371 1268 2395 2380 2401 -1
2371: 2391 2351 108 2384 2313 1391 2401 476 2345 1501 -1
2372: 2842 476 2253 1518 1282 2279 2348 2355 2383 2364 108 1069 2400 1485 2401 2264 2622 3158 -1
2317: 108 -1
2374: -1
2375: 1282 111 2350 2348 108 476 2364 2279 189 1475 2386 2371 2855 2846 -1
2376: 65 2348 2401 1501 1483 2264 -1
2377: -1
2378: 2368 3158 -1
1268: -1
2380: 2389 -1
2381: 1501 -1
2382: 2401 2264 -1
2383: 2401 1501 -1
783: 1501 -1
2385: 2345 2348 2318 108 1391 2357 476 2359 2363 2366 2386 2367 2368 2371 2372 2376 2253 2391 2313 2400 1501 -1
2386: 2345 2279 2368 1501 108 2047 2388 2371 2382 2375 476 -1
2371: 2351 476 2348 2265 108 2352 2357 2360 2371 2394 2398 3158 -1
2388: -1
2389: 719 2344 476 52 2359 2371 108 2352 2357 2374 2380 2253 2384 2385 2390 1483 2392 2395 2399 2400 1616 -1
2348: 1682 121 2357 476 1987 1501 -1
2391: 1391 2357 2371 2374 2047 476 1501 -1
2392: 2366 476 2400 2370 2389 2059 1501 -1
48: 52 1268 2378 476 251 2855 2360 2854 3158 -1
2394: -1
2395: 3158 1287 1403 2348 2363 476 1282 2318 719 2265 108 2352 1989 2286 2365 2366 2368 2370 189 1268 2253 2382 2400 -1
2396: 1501 -1
2397: 2264 1501 476 2371 -1
2346: 2313 2642 2345 2401 476 2348 2318 2265 108 2250 2360 2279 432 -1
13: -1
237: 1485 1484 1495 184 476 1357 816 2401 1491 2252 974 2333 105 2380 1847 -1
2401: -1
2402: 2279 2368 2047 3212 1480 2395 108 2890 1493 1485 2344 719 1616 3174 3219 3218 2622 1506 -1
975: 476 -1
986: 476 1617 65 2371 2364 2299 2401 -1
2405: 2401 108 476 -1
2406: 476 2401 2350 108 432 3213 3158 -1
2407: 2390 2360 2348 1391 189 108 2313 720 2359 -1
2408: 1483 1501 -1
2409: 108 2401 476 2279 432 1494 1501 -1
2410: 476 1501 2345 108 2371 2279 2378 1268 2879 -1
231: 108 -1
2412: 2047 2360 2380 2279 108 2401 -1
20: 2853 2348 1501 -1
237: 3158 2351 108 2265 2352 2360 2357 476 2394 2398 2401 2313 2348 -1
1460: 2313 2642 2345 2401 476 2348 2318 2265 108 2250 2360 2279 432 -1
1449: 2345 2279 2368 1501 108 2047 2388 2371 2382 2375 476 -1
1289: 2401 189 2348 2374 476 2397 108 719 2395 2371 -1
1357: 1989 719 476 2376 2377 2253 2385 1282 1506 1391 2348 2395 1473 2853 3158 -1
1436: 2391 2351 108 2384 2313 1391 2401 476 2345 -1
2420: 108 -1
2421: 108 476 2279 33 0 816 7 1570 -1
2422: 2047 1501 2382 2318 1483 476 2823 2401 -1
2369: 1268 2853 2348 2401 108 2326 2371 2279 2367 476 2890 2265 2368 1501 2378 1391 -1
2424: 1501 1570 2358 476 2047 1483 2853 2401 108 2279 2348 -1
1411: 2391 476 2387 2351 108 2313 2047 -1
1469: 108 2401 476 2279 432 1494 1501 -1
2372: 2401 -1
2369: 2390 2360 -1
1472: 2279 108 2401 -1
48: 2855 2368 719 1391 476 2360 2354 1488 -1
2431: 108 476 2371 2380 1268 -1
1471: 476 108 719 -1
2433: 3158 -1
1467: 2390 2360 108 189 -1
2435: 476 2380 108 -1
1423: 476 2401 2400 108 2371 2384 2374 3158 1847 -1
1436: 2391 2351 108 2384 2313 1391 2401 476 2345 1501 -1
1469: 2265 108 2401 2357 476 2279 432 1494 1501 -1
690: 2047 2399 476 108 251 2350 2830 816 96 2360 113 2846 -1
2369: 2442 2443 -1
2369: 2443 2442 -1
2442: 109 -1
2443: -1
2444: 109 33 96 -1
243: 109 -1
2229: 109 -1
2447: 109 -1
2448: 165 109 96 126 24 -1
2449: 110 -1
2450: 47 110 2333 132 -1
412: 476 52 2371 2837 110 -1
412: 476 1570 110 52 -1
2453: 110 -1
2454: 110 -1
299: 1287 33 110 -1
299: 33 111 74 2551 2855 720 1287 2561 2894 -1
2457: 111 -1
248: 111 -1
248: 1506 111 -1
2460: 1507 111 -1
2461: 2823 111 2853 -1
104: 3253 -1
2463: 3265 111 65 -1
2400: 111 -1
2465: 111 -1
2401: 96 111 -1
2467: 111 -1
248: 111 -1
212: 111 -1
1497: 111 -1
2471: 111 -1
2472: 720 2883 3174 77 3232 30 111 -1
1289: 2 111 -1
1157: 111 -1
2475: 70 30 111 -1
524: 111 -1
2477: 111 -1
2478: 70 2622 111 -1
2479: 111 -1
2480: 111 -1
2481: 111 -1
2482: 2622 111 -1
2483: 111 -1
2484: 111 -1
2485: 111 1507 -1
289: 111 -1
2471: 2190 -1
2189: -1
2489: 112 2487 -1
2448: 112 105 -1
221: 112 -1
2492: 112 -1
105: -1
2494: 112 3174 -1
2495: 112 -1
2496: 112 -1
450: 1473 112 2333 1682 -1
2229: 2487 679 -1
241: 112 -1
289: 112 3174 -1
2501: 113 -1
699: -1
2503: 3228 96 33 2333 134 114 1493 7 -1
2504: 115 445 -1
2505: 115 132 -1
2412: 116 -1
2411: 116 -1
2189: 116 -1
248: 116 -1
248: 116 -1
1533: 116 -1
2512: 116 -1
2513: 116 -1
1535: 116 -1
2515: 116 -1
2516: 116 -1
1533: 116 -1
2518: 116 -1
1533: 116 -1
2433: 116 -1
1019: 116 -1
2522: 116 -1
2523: 116 -1
248: 116 -1
2445: 116 -1
1533: 116 -1
1533: 116 -1
1533: 116 -1
1533: 116 -1
20: 116 -1
2531: 2333 116 -1
2532: 116 -1
1533: 116 -1
1533: 116 -1
2535: 116 -1
2536: 2189 117 2333 116 -1
2445: 116 -1
2538: 116 -1
2539: 2894 2109 -1
248: -1
2359: 117 -1
1549: 117 -1
2543: 111 117 -1
111: -1
253: -1
1551: -1
1019: -1
1551: -1
1551: -1
1551: -1
2551: 1551 2545 1551 1551 1551 1551 1551 1551 1551 1551 -1
1551: -1
2465: -1
2465: -1
1551: -1
211: 2551 -1
2557: 96 119 -1
2558: 173 96 33 2504 119 178 3248 65 -1
2465: -1
1341: -1
2561: -1
