0: 0 145 -1
1: 186 -1
3: -1
4: 266 188 268 -1
5: -1
6: 322 -1
7: 355 356 -1
8: -1
9: -1
10: -1
11: 37 -1
12: 31 8 8 8 8 8 362 3 413 414 415 416 8 417 418 366 419 486 487 488 421 490 423 424 371 273 372 427 428 429 -1
13: -1
14: 393 453 395 456 395 -1
15: -1
16: -1
17: -1
18: -1
19: 507 -1
20: -1
21: -1
22: -1
23: -1
24: 674 -1
25: -1
26: 462 -1
27: -1
28: -1
29: -1
30: 8 310 -1
31: -1
32: 625 787 627 789 790 628 8 48 630 631 -1
33: -1
34: -1
35: -1
36: -1
37: 660 -1
38: -1
39: -1
40: 848 -1
41: 871 -1
42: -1
43: -1
44: -1
3: -1
3: 921 462 -1
3: -1
3: 549 701 549 701 549 930 8 8 -1
3: 702 -1
3: -1
46: -1
46: 559 948 712 713 714 715 953 954 716 717 718 565 331 566 721 961 962 11 194 965 966 967 968 722 970 971 972 973 723 194 722 976 724 725 979 727 -1
46: -1
46: -1
50: -1
50: -1
54: 1035 1036 -1
54: -1
54: 1050 -1
54: -1
57: 769 -1
57: -1
57: 781 -1
57: -1
57: 1098 1099 785 786 787 788 789 790 791 1107 48 630 -1
57: -1
57: -1
57: -1
4: -1
57: -1
69: -1
57: 808 -1
17: -1
69: 1050 -1
62: -1
17: -1
69: 0 0 823 823 -1
62: -1
17: 36 -1
69: 1183 1184 1185 -1
72: -1
17: -1
74: 844 545 99 845 1207 1208 662 1210 1211 662 1212 99 1213 847 -1
72: -1
73: -1
74: 40 -1
69: 1050 -1
72: -1
73: -1
3: 1247 -1
74: -1
87: 868 868 808 1263 -1
84: 1273 -1
73: -1
90: 878 1286 677 -1
80: 188 -1
87: -1
3: -1
1: -1
84: 687 895 896 -1
82: 897 1321 898 1323 1324 -1
90: 901 -1
80: -1
87: 903 -1
98: -1
1: -1
100: 1338 1339 910 3 1342 912 -1
82: 919 696 921 697 1355 3 1358 1359 1360 3 45 1362 1363 1364 1365 3 1367 1368 3 3 3 1370 1371 1372 1373 1374 1375 1376 1377 1378 1379 1380 3 1382 1383 1384 1385 1386 1387 1388 3 1389 3 45 3 3 8 1393 3 1395 1396 1397 1398 3 3 1400 1401 1402 3 3 677 923 924 926 927 8 928 701 3 929 1412 1413 1414 930 1416 608 1417 1418 1419 3 1420 565 1421 3 1422 1250 931 932 933 1427 1428 1430 936 45 938 1434 1435 939 940 3 941 1439 1440 943 1443 1444 944 1446 946 559 51 948 1451 712 1453 950 714 3 952 1457 1458 1459 51 1461 1462 1463 -1
102: 11 964 -1
80: -1
92: -1
98: 581 1521 -1
99: 1003 -1
100: -1
82: -1
102: -1
86: 677 -1
92: 1552 -1
98: -1
99: 3 3 1555 3 3 3 3 3 -1
100: 1024 -1
82: 1574 -1
102: -1
86: 1041 8 1580 1043 1044 1583 1584 1046 1047 1587 1048 1589 30 1591 1050 1593 1594 1595 1596 350 1597 1598 -1
92: 1054 -1
98: 30 1056 30 1056 -1
99: 1610 30 1612 1613 808 -1
100: 1060 -1
94: 8 30 1624 30 1056 1066 1626 -1
102: -1
86: -1
92: -1
98: -1
99: 87 -1
100: -1
94: -1
102: -1
86: -1
118: -1
98: -1
99: 1071 102 769 118 17 1646 0 1647 1074 118 614 1650 100 99 100 1651 62 1652 1653 3 1654 1655 30 1656 43 94 1657 1658 3 1659 1660 279 1661 1083 -1
100: 92 92 92 92 92 92 92 92 92 92 92 92 92 92 92 1663 -1
129: 1085 -1
0: 0 145 -1
13: -1
13: 30 1056 -1
13: -1
6: 40 1671 1672 1091 1674 1092 1093 765 1094 1678 1095 1096 1097 1097 1098 1683 1684 1685 1687 1688 1689 1321 1690 147 1691 1692 1693 1694 1695 1696 1697 1698 1699 304 1700 1701 1702 1703 1704 45 323 1705 1706 1707 322 1708 287 1709 340 1710 1711 1712 1713 328 1714 1091 1715 1716 1717 1718 1719 1720 1721 1722 1723 1724 -1
86: -1
118: 677 1730 40 -1
133: -1
120: -1
100: -1
129: -1
0: 1749 1750 -1
13: 1753 -1
43: 1754 -1
0: -1
102: -1
102: -1
118: -1
133: -1
120: 1769 -1
129: -1
133: -1
133: 8 1781 -1
0: 1783 785 786 786 -1
0: -1
14: 1111 -1
0: 1797 1798 8 1799 -1
169: 3 1 1 1113 1114 1115 1 1116 3 1805 -1
100: 0 0 0 0 0 1663 -1
86: -1
169: 36 1324 -1
0: -1
133: -1
13: 1121 1812 -1
0: 1125 -1
57: -1
133: 1126 1818 1127 1128 1129 1130 1131 -1
0: -1
99: 1828 1829 86 82 99 1830 185 1831 973 1832 98 1138 1834 120 614 72 1835 6 1140 1837 133 1838 16 42 1839 1840 50 1142 1842 120 27 24 1143 1844 1845 1846 62 808 1848 87 1147 129 1850 1149 118 82 1150 107 86 120 1854 1152 3 1856 1857 1858 18 19 43 1859 614 36 1860 1657 1658 3 1659 1660 279 1661 1083 -1
133: -1
0: -1
133: 0 -1
0: 0 145 -1
169: 0 -1
0: 0 -1
160: 0 1416 1463 939 -1
6: 0 3 -1
151: 1587 0 -1
187: 0 -1
169: 0 31 -1
0: 145 -1
157: 903 -1
0: 0 -1
187: 16 0 -1
13: 0 1589 -1
11: 954 -1
157: 0 -1
174: 0 -1
160: 0 -1
128: 932 0 1418 -1
151: 0 1111 -1
160: 0 1099 -1
151: 0 -1
94: 62 0 -1
187: 100 0 16 -1
167: 1324 0 -1
0: 1691 0 0 0 1713 1701 954 1693 474 1692 -1
157: 0 23 1654 30 19 87 -1
151: 0 -1
187: 0 16 24 1066 -1
167: 0 -1
0: 0 -1
172: 0 0 -1
151: 0 0 3 -1
187: 0 -1
198: 0 -1
11: 0 175 -1
200: 0 494 -1
180: 266 1839 31 99 1837 808 1152 1857 133 505 -1
202: 0 -1
182: 0 -1
183: 0 10 3 100 99 30 3 -1
1: 0 -1
205: 0 -1
160: 175 23 11 0 310 1150 -1
151: -1
13: -1
1: 1848 808 -1
208: 37 769 1613 -1
209: 1613 1612 38 -1
167: 15 -1
1: -1
0: -1
157: -1
157: -1
13: -1
191: -1
192: 1613 -1
215: -1
157: -1
23: -1
23: 1613 -1
23: 1613 -1
172: 100 100 11 175 -1
172: 1613 -1
220: -1
11: -1
200: 1783 -1
201: -1
0: -1
200: -1
250: 1783 864 474 -1
225: 175 -1
226: -1
226: -1
226: -1
206: -1
230: -1
200: -1
257: -1
232: 10 -1
232: -1
232: -1
167: 1054 -1
24: -1
167: 1717 72 954 200 939 -1
269: -1
167: -1
172: 1113 1555 463 -1
269: -1
157: -1
217: -1
269: 30 -1
157: -1
244: -1
23: 1555 -1
217: -1
217: 1783 769 -1
219: 1113 -1
217: -1
246: 10 -1
222: -1
269: -1
217: 655 -1
250: 1111 -1
172: 1061 16 42 1062 -1
250: 310 -1
287: -1
254: 41 29 147 -1
157: 147 1250 1439 938 1111 -1
167: -1
254: -1
230: -1
23: -1
21: 1842 1701 1097 1321 3 1846 1730 -1
232: 415 3 -1
232: 3 -1
257: 1846 1098 1710 474 973 98 1113 249 470 1379 1850 3 943 -1
167: 3 -1
262: 3 415 1854 -1
269: 470 3 415 12 490 421 -1
262: 490 3 -1
269: 3 -1
262: 1846 470 3 -1
217: 488 3 -1
269: 721 3 -1
262: 3 -1
217: 939 1363 1116 3 1111 -1
269: 3 372 -1
272: 372 3 12 1111 1701 -1
217: 3 -1
274: 3 -1
217: 3 1842 -1
12: 31 8 8 8 8 416 8 417 3 413 414 415 418 366 419 486 487 488 421 490 423 424 371 273 372 427 428 429 -1
246: 3 -1
274: 3 12 -1
272: 3 -1
246: 3 -1
274: 372 3 -1
287: 3 415 1098 -1
284: 3 423 428 -1
257: 3 415 -1
254: 372 3 413 415 1113 -1
250: 3 -1
290: 372 3 -1
280: 415 3 -1
257: 3 -1
284: 3 954 -1
190: 3 -1
290: 3 -1
280: 3 -1
287: 1846 372 3 -1
298: -1
287: 3 -1
21: 3 334 -1
300: 1846 3 -1
301: 3 415 -1
250: 3 -1
254: 3 1842 785 -1
257: -1
33: -1
262: -1
33: -1
33: -1
33: -1
307: -1
308: 1689 -1
217: -1
99: 1838 1661 1083 -1
310: 1730 98 -1
311: -1
3: -1
354: 1846 145 474 1612 1126 -1
313: 387 372 -1
313: -1
313: 82 -1
3: 954 -1
357: 1098 -1
357: -1
318: -1
246: 769 -1
246: -1
246: 674 -1
322: -1
34: -1
322: -1
287: -1
322: 470 -1
217: -1
287: 1360 -1
325: 1837 674 1098 -1
328: -1
324: -1
325: 1360 -1
331: 1098 1846 -1
326: -1
333: 470 -1
334: 1854 -1
335: -1
13: 31 1753 -1
337: -1
287: -1
287: -1
287: -1
339: -1
33: 1098 -1
340: -1
387: -1
341: -1
342: 769 -1
390: -1
302: 37 462 23 11 666 1710 -1
387: 310 -1
262: -1
31: 87 1783 -1
37: 29 11 -1
346: 22 1099 10 42 31 30 19 -1
350: 1612 175 23 11 1613 -1
350: -1
350: -1
354: 1783 1612 -1
354: 16 0 30 -1
354: 462 -1
217: 30 614 1071 43 17 1652 1074 1650 100 94 102 1653 3 1654 118 0 62 100 118 1656 1647 1651 1655 99 1646 769 -1
357: 31 50 -1
357: 310 17 42 16 120 785 1854 -1
31: 610 -1
357: -1
0: 0 37 145 -1
37: -1
357: 50 249 674 -1
357: 29 98 -1
99: 22 102 3 100 0 102 3 99 1657 1658 3 1659 1660 279 1661 1083 -1
357: 687 -1
357: -1
246: 1781 1797 -1
322: -1
324: 6 897 -1
287: 6 897 -1
362: 287 -1
369: 1061 1701 6 -1
327: 6 -1
322: 6 -1
287: 6 897 -1
328: 147 677 -1
369: 6 1721 954 -1
372: 6 -1
328: 1113 1701 6 1097 387 1845 1703 -1
369: 1701 6 -1
372: 6 -1
334: 1846 808 -1
374: 6 82 -1
372: 6 287 1708 897 1091 1701 1097 1321 1373 385 1690 1721 1113 968 -1
328: 730 6 -1
374: -1
287: 6 897 -1
287: 6 897 -1
372: 1113 474 1250 -1
328: 1593 -1
340: -1
43: 6 -1
160: 1637 6 -1
387: 6 -1
387: 6 897 1091 -1
387: 1699 496 6 -1
390: 6 -1
380: 385 6 -1
387: -1
304: 1708 -1
384: 6 -1
1: 6 -1
1: 1035 6 -1
454: 6 1325 82 -1
3: 6 -1
3: 1723 6 -1
380: 938 6 714 1250 1365 -1
387: 1846 1710 6 -1
387: 1700 6 -1
387: 6 1719 1091 1098 1713 1096 -1
37: 6 -1
37: 931 1708 1428 712 -1
346: 931 1708 1428 712 147 1420 6 1416 474 1463 944 939 1250 565 3 965 -1
37: 730 -1
3: 6 -1
44: 1723 1050 1097 6 1701 1416 -1
350: 808 -1
354: -1
401: 1845 -1
99: -1
469: 954 1584 -1
401: 1097 -1
357: 1111 979 1113 968 1250 1323 -1
469: -1
401: 1701 971 939 1685 566 1111 -1
357: -1
469: -1
357: 1463 -1
413: 287 -1
414: 331 -1
415: 1416 973 1798 -1
357: 1730 3 331 -1
73: 1701 -1
354: 1707 -1
160: 973 594 -1
357: 1694 -1
387: 98 1846 -1
474: 200 -1
487: -1
484: -1
416: -1
490: 1723 -1
423: -1
487: 1846 -1
160: -1
41: 1250 1111 -1
73: -1
372: 540 372 1723 1593 775 -1
317: 1701 1717 1685 -1
369: -1
434: 1046 1111 -1
317: 1555 304 -1
357: 939 -1
31: -1
160: 1113 -1
3: 9 -1
3: 9 -1
436: 730 -1
437: 9 -1
438: 9 -1
439: 9 -1
440: 1710 1061 -1
441: 9 -1
442: 9 -1
382: 1126 936 -1
444: 9 1689 -1
369: 16 10 -1
11: 10 -1
387: 10 -1
43: 10 505 -1
3: 10 -1
387: 10 -1
43: 10 -1
43: 0 11 10 24 28 3 -1
43: 1650 -1
383: 954 16 10 42 38 31 -1
0: 0 23 30 11 16 175 38 31 3 145 -1
383: 1054 -1
391: 22 -1
391: 10 -1
384: 10 -1
391: 310 0 16 -1
454: 84 10 3 1613 -1
387: 10 -1
454: 16 10 -1
454: 145 10 -1
3: 10 -1
313: 30 10 1652 98 175 -1
457: 10 -1
457: -1
457: 10 -1
46: 98 10 175 1652 30 279 -1
50: 10 -1
11: 10 -1
387: -1
50: 11 310 -1
457: 11 -1
401: 11 1860 -1
401: 23 11 -1
37: 23 11 175 -1
37: 23 11 175 -1
550: 11 -1
11: 133 86 82 160 1830 30 102 6 74 98 50 73 156 17 27 100 98 3 19 43 -1
554: 11 -1
469: 11 -1
37: 23 11 -1
469: 23 11 -1
469: 23 11 -1
313: 11 29 23 73 -1
37: 23 11 175 -1
557: 11 -1
40: 0 37 31 16 11 848 -1
557: 30 11 23 -1
557: 11 -1
557: 1783 11 1610 175 1613 16 -1
46: -1
8: -1
8: -1
8: -1
442: -1
8: -1
401: 12 -1
357: -1
469: -1
357: -1
413: -1
8: -1
414: -1
415: 3 372 -1
357: -1
357: -1
417: 12 -1
487: -1
8: -1
357: 474 12 423 -1
490: -1
387: -1
487: -1
484: -1
416: -1
490: 559 -1
423: 372 -1
487: -1
3: 423 12 -1
50: 12 415 -1
46: 12 -1
41: 3 12 423 -1
500: 3 418 12 -1
501: 12 415 -1
502: 488 421 423 490 1710 371 273 372 418 12 486 487 -1
503: 474 12 -1
504: 12 3 973 -1
413: 372 3 12 428 421 415 98 -1
505: 12 421 -1
506: 474 973 12 -1
507: 12 -1
250: 559 12 -1
508: 423 415 3 12 -1
509: 490 372 423 3 12 -1
157: 3 12 -1
510: 50 -1
511: -1
512: 50 -1
438: 160 1830 16 99 50 73 17 120 27 1848 100 1152 102 3 43 72 -1
514: -1
515: 511 1098 674 50 -1
516: 160 1830 73 17 102 1846 -1
517: -1
382: -1
519: -1
520: -1
521: 511 -1
3: -1
522: -1
523: -1
48: -1
525: 470 160 785 102 -1
387: -1
527: 266 -1
528: -1
529: 511 -1
530: 511 -1
531: -1
14: 334 551 395 454 -1
14: 395 454 -1
14: -1
14: 395 454 -1
14: 395 454 -1
14: 395 454 -1
14: 395 454 -1
14: 395 454 -1
57: 40 395 454 -1
14: 395 454 -1
14: 395 454 -1
14: 395 454 -1
14: 395 454 -1
14: 395 -1
14: 395 454 -1
14: 581 395 454 -1
14: 395 454 -1
14: 395 454 -1
14: 395 454 -1
14: 395 454 -1
14: 395 454 -1
14: 395 454 -1
14: 551 334 395 454 -1
14: 395 454 -1
14: 395 454 -1
14: 395 454 -1
14: 395 454 -1
14: 395 454 -1
14: 1098 395 454 -1
14: 160 249 395 454 -1
14: 395 454 -1
14: 395 454 -1
57: 1846 395 454 -1
14: 395 454 -1
14: 395 454 -1
14: 40 395 454 -1
438: 395 454 -1
14: 160 3 133 40 -1
391: 395 -1
391: -1
384: -1
391: 395 -1
454: 395 -1
14: 395 454 -1
384: -1
14: 395 -1
14: 395 454 -1
535: -1
673: 666 50 -1
14: -1
14: -1
14: 74 133 164 395 454 -1
673: -1
14: -1
14: 395 -1
687: 581 -1
684: -1
3: -1
541: 395 -1
14: 395 -1
687: 133 -1
14: -1
57: 395 454 -1
50: 1730 677 1701 581 -1
50: 395 -1
546: -1
550: 903 -1
550: 87 -1
550: 315 1446 730 1111 1113 714 940 1358 15 1373 1463 938 -1
550: 42 120 16 15 730 -1
550: 1416 147 15 -1
554: 15 -1
554: 15 1589 1701 1097 -1
469: 15 -1
557: 714 940 1111 1463 1373 15 474 -1
369: 15 1111 1401 1701 -1
327: 15 -1
557: 15 -1
557: 1250 15 1719 -1
557: 15 -1
557: 147 1701 15 -1
562: 15 -1
557: 15 1701 -1
557: 15 -1
562: 15 -1
0: 511 15 1701 -1
562: 15 98 -1
16: -1
569: 21 16 24 99 0 74 -1
562: 731 16 730 18 -1
569: -1
562: 16 -1
517: 16 -1
569: 16 -1
572: 16 -1
517: 16 -1
569: 1054 16 -1
572: 16 -1
517: 1457 -1
574: 16 -1
572: 145 -1
573: 1111 -1
574: 1416 -1
0: -1
572: 16 759 -1
573: 16 730 -1
580: 16 -1
484: 16 -1
17: 1010 0 -1
17: 759 16 462 -1
17: 16 -1
17: -1
17: 16 -1
484: 0 22 16 -1
485: 16 -1
485: -1
480: 17 1846 -1
0: 0 145 -1
580: 17 26 0 11 3 100 0 31 3 -1
580: 17 -1
598: 17 -1
50: 0 11 0 86 1860 -1
50: 18 -1
50: 18 -1
602: 18 -1
602: 120 42 -1
602: 86 16 18 462 -1
604: 731 1149 18 -1
604: 730 18 1149 -1
604: 18 -1
507: -1
605: 19 -1
69: 19 -1
605: 19 -1
769: 19 677 -1
605: 19 136 -1
557: 1587 19 -1
769: 1150 19 -1
19: 507 1710 -1
511: 769 249 98 19 -1
769: 19 -1
609: 19 136 -1
19: -1
769: 19 -1
619: 102 1842 19 133 72 -1
508: 19 98 -1
620: 19 -1
619: 19 -1
615: 19 -1
622: 19 -1
769: 19 -1
619: 98 19 -1
37: 19 -1
17: -1
622: 20 -1
787: 20 -1
627: 20 -1
615: 20 -1
790: 20 -1
628: 20 -1
527: 84 20 34 -1
17: 20 -1
69: 34 20 -1
635: 34 20 -1
636: 20 -1
637: 20 -1
638: 20 -1
639: 1115 -1
313: 21 -1
640: 21 -1
641: 1035 470 21 -1
3: 21 50 1050 -1
99: 21 279 1661 1083 -1
642: 954 627 1705 21 -1
643: 50 1113 21 -1
644: 1050 21 -1
157: 813 21 470 -1
61: 22 -1
61: 22 40 -1
61: 145 1701 334 474 1462 22 99 -1
61: 22 -1
61: 98 0 24 136 474 99 22 -1
646: 0 22 -1
650: 22 100 655 -1
650: 22 -1
650: 22 -1
650: 22 -1
650: 462 0 0 102 16 16 100 107 100 26 11 11 1 -1
654: 639 3 730 22 1113 1701 -1
654: 666 0 38 31 22 100 3 -1
313: 0 3 22 3 102 100 102 99 -1
61: 22 -1
654: 145 22 594 -1
287: 22 -1
372: 864 1061 22 0 -1
14: 22 11 38 1839 1845 1846 31 1152 3 674 -1
657: 22 -1
657: 23 1813 -1
31: 23 -1
14: 23 -1
657: 864 23 -1
14: 23 11 -1
14: 23 -1
37: 23 11 -1
14: 100 23 11 1618 -1
657: 23 -1
390: 23 11 -1
37: 23 11 175 -1
74: 23 11 -1
37: 23 11 175 -1
37: 23 11 175 -1
37: 23 11 175 -1
80: 1830 39 23 11 16 50 98 31 98 100 1066 3 43 87 -1
657: 23 -1
846: 1613 1612 1610 23 11 27 -1
846: 266 -1
846: 23 -1
846: 23 11 -1
14: 1610 23 175 -1
37: 23 11 -1
24: -1
24: -1
24: -1
24: -1
24: -1
24: -1
24: -1
24: -1
24: -1
24: -1
24: -1
24: -1
72: -1
24: -1
24: -1
24: -1
61: -1
617: -1
669: -1
24: -1
869: 24 -1
862: 24 -1
24: 200 24 -1
869: 24 -1
24: -1
24: 1113 24 -1
672: 24 -1
669: 310 16 24 42 74 -1
617: 1701 24 -1
24: -1
24: -1
24: -1
617: 1050 -1
37: 0 24 -1
24: -1
887: 24 0 1066 -1
884: 1098 -1
617: 24 0 -1
890: -1
24: -1
887: 82 1650 1552 16 42 24 102 -1
37: 24 -1
72: 24 -1
25: 565 -1
25: 0 -1
25: 565 696 1818 736 1113 -1
540: 1113 25 -1
673: 1113 25 -1
673: 1113 25 -1
541: 25 25 25 -1
541: 25 25 25 968 -1
25: 565 -1
673: 1113 25 29 712 -1
680: 25 1323 -1
687: 25 1132 -1
673: 1113 25 712 29 -1
673: 1113 25 -1
684: 968 1468 1466 194 25 -1
540: 1818 1113 1323 25 -1
541: 194 25 -1
673: 1113 25 -1
673: 1113 25 -1
25: 0 -1
680: 1113 25 194 968 971 1710 1111 565 -1
3: 25 -1
687: -1
390: 1650 100 -1
0: 0 145 -1
698: -1
369: 29 -1
14: 38 1845 -1
50: 1113 -1
50: -1
313: 26 17 3 38 100 -1
11: -1
702: -1
703: -1
14: 31 -1
26: -1
704: -1
3: 462 1846 31 -1
705: -1
706: 11 31 -1
707: -1
99: 17 3 38 100 279 -1
26: -1
708: -1
709: 0 -1
84: 27 -1
84: 27 -1
84: 27 -1
14: 175 30 27 -1
84: 27 -1
554: 27 -1
713: 1612 27 -1
713: 27 -1
557: 27 -1
99: 27 -1
950: 27 -1
950: -1
717: 27 -1
718: 1612 717 27 30 29 60 -1
718: 1612 27 -1
718: 27 -1
14: 133 102 160 1830 73 156 17 27 100 118 1854 1846 23 11 470 87 -1
313: 16 614 19 18 1149 50 1854 43 87 24 1856 1835 133 27 1150 72 1830 3 120 1848 42 1844 185 1845 62 86 1839 86 808 1837 6 99 82 1152 1828 1143 120 36 1860 1846 1832 1831 82 1857 98 1147 118 973 1858 1829 129 1138 1850 1859 1838 1142 1834 107 614 1140 -1
11: 133 102 86 82 160 99 1830 37 1837 100 72 30 37 6 133 42 99 98 50 73 156 17 27 100 102 145 1829 118 98 3 1854 57 1856 19 43 674 164 72 87 -1
957: 28 -1
167: 28 -1
167: 28 -1
167: 28 -1
167: 28 -1
73: 28 -1
167: 28 -1
313: 1373 28 474 973 -1
99: 474 28 1373 279 1661 1083 -1
673: 28 279 1661 1083 -1
722: 28 -1
167: 28 -1
167: 28 -1
722: 28 -1
167: 1373 474 28 973 -1
313: 28 -1
722: 28 474 328 1710 1113 1713 1699 1730 1701 -1
725: 1723 1705 28 -1
917: 28 334 1035 -1
726: 145 0 1720 627 3 1401 474 1692 28 954 1466 -1
1: 28 -1
728: 1710 28 1113 -1
726: 1692 0 3 3 17 28 62 98 -1
313: 28 -1
369: 29 -1
157: 1613 29 -1
14: 1613 175 1612 29 -1
726: 29 -1
673: 1113 25 29 -1
984: 22 31 29 3 460 16 30 -1
728: 29 -1
569: 1613 175 1612 29 -1
734: 29 -1
987: 29 11 1111 -1
84: 29 1610 -1
74: 29 -1
741: 29 -1
742: 29 0 62 1848 -1
743: 98 29 -1
346: 29 30 -1
484: 29 -1
17: 29 -1
745: 29 -1
118: 36 37 29 -1
745: 160 29 -1
745: 30 29 -1
745: 29 -1
485: 1613 29 0 1054 74 1845 -1
246: 102 470 98 1846 37 29 1612 759 -1
484: 29 -1
485: 29 -1
750: 29 -1
750: 37 1610 29 30 1612 -1
8: -1
346: -1
30: 310 -1
30: 310 -1
30: 310 -1
30: 310 -1
30: 310 -1
30: 310 -1
30: 310 -1
753: 30 -1
753: 30 -1
30: 310 -1
30: 310 -1
30: 310 -1
30: 310 -1
30: 310 -1
30: 310 -1
30: 310 -1
30: 310 -1
30: 310 -1
598: 30 0 -1
30: 310 -1
30: 310 -1
30: 310 -1
30: 310 -1
754: 1650 30 -1
754: 1701 331 30 1652 -1
30: 310 -1
80: 310 -1
30: 310 -1
30: 310 -1
30: 310 -1
30: 310 -1
30: 310 -1
30: 310 -1
30: 30 -1
580: 30 -1
30: 310 -1
30: 310 -1
30: 310 -1
30: 310 -1
30: 310 -1
30: 310 -1
1054: 30 -1
512: 30 -1
57: 30 -1
757: 31 50 -1
30: 31 147 -1
30: 1610 18 973 31 -1
313: 31 -1
30: 31 -1
30: 31 -1
87: 31 -1
30: 1054 31 -1
604: 31 -1
30: 31 1846 -1
8: 31 1846 1113 -1
604: 31 -1
604: 31 -1
1017: 31 -1
762: 31 -1
604: 31 99 -1
1017: 31 813 -1
604: 31 -1
614: 31 -1
1017: 31 -1
1074: 31 1054 -1
160: 31 864 -1
775: 31 100 1813 -1
1074: 31 -1
604: 31 -1
31: -1
602: 1111 147 31 608 -1
30: 31 -1
160: 31 -1
390: 954 474 31 -1
1084: 31 -1
604: 31 -1
602: 1250 1111 31 -1
654: 31 -1
605: 31 -1
30: 1839 31 0 1663 -1
82: 31 -1
169: 31 -1
622: -1
787: -1
619: -1
615: -1
790: -1
622: -1
8: -1
787: -1
627: -1
615: 32 -1
287: 32 334 1113 200 -1
32: -1
32: 625 48 1113 -1
32: 625 -1
32: -1
32: 625 -1
32: 625 -1
192: 813 1574 32 -1
313: 32 474 -1
622: 787 32 32 -1
32: 625 -1
32: 625 630 -1
32: 625 745 730 787 -1
32: 625 8 -1
787: 24 973 32 -1
627: 32 474 759 -1
622: 32 -1
32: 625 -1
99: 32 474 279 1661 1083 -1
217: 32 32 32 -1
3: 32 -1
32: 625 8 -1
32: 1701 -1
32: 625 -1
1100: 32 32 -1
48: 84 34 -1
1102: 34 -1
186: 34 -1
790: 24 34 20 -1
198: 34 -1
48: 34 -1
1100: 35 -1
1129: 35 -1
10: 35 -1
99: 35 -1
99: 35 -1
99: 35 -1
16: 35 -1
801: 1363 807 35 -1
790: 35 -1
99: 334 35 279 -1
1120: -1
1100: 35 -1
1129: 35 -1
10: 35 -1
99: 35 -1
129: 35 -1
313: 35 334 -1
1102: 35 -1
1102: 35 511 -1
790: 35 -1
803: 35 -1
0: 0 36 1149 145 -1
1129: 878 36 -1
650: 878 36 -1
54: 36 73 -1
99: 86 73 36 90 279 -1
10: 731 16 36 1149 -1
100: 73 36 86 90 -1
650: 878 36 -1
650: 878 36 -1
1100: 36 -1
32: 730 36 -1
1169: 1846 462 36 -1
817: 973 86 36 18 62 -1
803: 0 24 86 954 -1
99: 36 -1
817: 73 36 90 -1
133: 36 -1
14: -1
10: -1
32: 102 -1
390: 1610 37 -1
14: 594 -1
54: 37 1769 -1
10: 37 175 -1
650: 37 -1
10: 785 37 1612 1613 1730 -1
37: 11 -1
16: 160 -1
1151: 37 1612 175 -1
1187: 37 1769 -1
512: 100 1149 31 37 1830 133 -1
10: 37 -1
818: 100 38 -1
817: 11 45 38 1420 -1
38: -1
99: 38 -1
92: 39 -1
36: 39 -1
453: 39 -1
453: 39 -1
453: 39 -1
813: 39 -1
99: 39 279 -1
1160: 39 -1
313: 39 -1
99: 39 -1
661: 39 -1
661: 39 -1
661: 39 -1
99: 39 279 -1
313: 39 -1
1187: 16 39 -1
80: -1
40: 848 -1
40: 848 -1
40: 848 -1
40: 848 -1
40: 848 -1
40: 848 -1
453: 40 848 -1
832: 848 -1
1202: 848 -1
1182: 40 867 855 1710 -1
844: 40 848 -1
11: 848 -1
40: 848 -1
40: 848 -1
40: 848 -1
99: 848 -1
11: 848 -1
1208: 40 848 -1
842: 474 40 -1
1167: 40 848 -1
11: 848 -1
40: 848 -1
40: 848 -1
99: 848 -1
99: 848 -1
1191: 40 848 -1
845: 40 -1
80: 40 -1
99: 1728 40 867 855 -1
102: 848 -1
40: 848 -1
40: 848 -1
40: 848 -1
40: 848 -1
40: 848 -1
40: 848 -1
40: 848 40 -1
846: 848 -1
661: 40 848 -1
453: 848 -1
40: 848 -1
40: 848 -1
850: 40 -1
850: 40 -1
850: 40 -1
80: 848 40 -1
1230: 40 -1
453: 99 639 40 -1
862: 1846 40 -1
869: -1
41: 871 -1
41: 871 -1
41: 871 -1
86: 871 -1
41: 871 -1
41: 871 266 -1
41: 871 -1
40: 871 31 -1
41: 871 -1
382: -1
1217: 175 -1
857: 1017 -1
818: -1
1244: 1848 87 -1
99: 136 102 100 87 98 279 1661 1083 -1
1217: -1
313: -1
1219: 880 -1
1217: 50 674 -1
1246: -1
41: -1
41: -1
1217: -1
13: -1
40: -1
41: 871 -1
24: 159 42 -1
1254: 474 1200 494 42 1050 334 1846 -1
40: -1
1167: 42 -1
1254: 16 42 1098 -1
1230: 42 -1
40: 42 -1
100: 310 0 42 1848 74 17 99 0 98 -1
487: 42 -1
1232: 42 -1
862: 42 -1
1167: 42 -1
867: 470 42 310 -1
1269: 973 42 120 -1
867: 42 -1
43: 1754 -1
43: 1754 -1
43: 1754 -1
43: 1754 -1
43: 1754 -1
43: 1754 -1
1269: 43 -1
43: 1754 -1
43: 1754 -1
43: 1754 -1
43: 1754 -1
98: 43 -1
315: 43 -1
1274: 19 43 -1
102: 43 -1
315: 43 133 674 1837 -1
43: 1754 -1
43: 1754 -1
43: 1754 -1
862: 1754 -1
1254: 43 614 -1
13: 43 -1
1290: 43 -1
817: 43 -1
43: 1754 -1
874: 44 730 -1
1190: 44 1046 1113 474 730 973 -1
1290: 1046 1113 474 973 44 -1
817: 44 1114 -1
873: 44 -1
1298: 1114 44 -1
24: 1113 973 1046 730 474 44 -1
44: -1
1300: 372 428 808 -1
3: 415 487 -1
13: 914 488 1113 594 -1
1254: -1
862: 1846 -1
98: 1324 -1
867: 12 -1
98: 372 -1
541: -1
98: 1061 421 415 973 -1
1307: 1846 428 1701 1113 474 -1
1308: 1397 -1
1217: 912 -1
32: -1
457: -1
3: 921 462 -1
86: 921 462 -1
3: 921 462 -1
3: 921 462 -1
3: 921 462 -1
3: 921 462 -1
86: 921 462 -1
3: 921 462 -1
3: 921 462 -1
3: 921 462 -1
3: 921 462 -1
3: 921 462 -1
3: 921 462 -1
3: 921 462 -1
99: 921 462 -1
3: 921 462 -1
3: 921 462 -1
3: 921 462 -1
43: 921 462 -1
3: 921 462 -1
3: 921 462 -1
3: 921 462 -1
3: 921 462 -1
3: 921 462 -1
3: 921 462 -1
3: 921 462 -1
3: 921 462 -1
3: 921 462 -1
3: 921 462 -1
99: 921 462 -1
3: 921 462 -1
3: 921 462 -1
3: 921 462 -1
3: 921 462 -1
3: 921 462 -1
541: 921 462 -1
3: 921 462 -1
3: 921 462 -1
3: 921 462 -1
3: 921 462 -1
3: 921 462 -1
3: 921 462 -1
3: 921 462 -1
867: 921 462 -1
86: 921 462 -1
102: 921 462 -1
3: 921 462 -1
3: 921 462 -1
3: 921 462 -1
921: -1
1354: -1
1354: 470 -1
1354: -1
14: 16 74 769 31 99 -1
3: -1
50: -1
86: -1
50: -1
10: -1
102: -1
930: -1
8: -1
32: -1
3: 549 -1
3: -1
3: -1
3: -1
50: 3 3 -1
3: -1
1362: 1846 145 1111 1416 939 1713 565 1463 965 474 -1
702: -1
899: -1
3: -1
3: -1
1328: -1
26: -1
1372: -1
1328: -1
45: -1
45: -1
45: -1
1374: -1
1372: -1
1328: -1
45: -1
3: -1
3: -1
1372: -1
3: 1050 1113 99 474 -1
3: 1061 -1
129: -1
40: -1
1387: -1
1387: -1
46: 559 -1
45: 714 194 -1
46: 948 -1
1387: -1
46: 712 -1
713: -1
11: 993 982 -1
11: -1
46: 713 714 715 -1
86: 713 714 715 -1
86: 712 -1
46: 948 -1
46: 559 948 712 713 714 715 -1
46: -1
46: 982 973 970 -1
3: 973 -1
46: 973 722 725 983 723 -1
3: 992 -1
46: -1
86: 973 -1
0: -1
46: 331 1111 -1
46: 973 -1
713: -1
32: -1
950: -1
950: -1
3: 1111 -1
718: 1111 -1
328: 1701 1717 1685 -1
718: -1
718: -1
721: 1250 -1
721: -1
721: -1
957: -1
3: -1
160: -1
46: -1
37: 1250 -1
722: 1250 -1
1387: 1250 1217 11 -1
722: -1
957: -1
917: -1
722: 926 -1
167: 1250 1462 1846 565 736 11 939 948 1126 696 1127 1824 -1
167: 948 1463 938 1250 1637 939 -1
917: -1
40: -1
99: -1
160: -1
722: 1378 -1
725: -1
45: 973 1373 -1
1434: 993 1111 -1
1317: 11 725 971 -1
50: -1
50: 331 1066 11 1728 939 1250 1717 566 1700 1699 1701 1685 1416 -1
37: -1
86: 315 1217 1062 1699 11 1463 1363 1066 608 1457 647 102 1373 971 1462 -1
86: 194 971 -1
84: 11 -1
722: 1250 -1
941: 730 1111 -1
1439: 717 1398 1439 565 1824 1217 -1
722: 82 565 11 1113 1066 1127 1250 938 334 1462 1457 385 470 948 1363 315 926 -1
1441: 1363 565 1457 973 1250 315 200 511 1818 1466 1710 1127 1111 1066 1420 60 939 1066 736 11 1113 1373 474 1728 930 1379 979 334 1062 1463 1126 194 931 1416 714 1846 1046 100 1845 1824 6 1132 1061 -1
943: 1250 993 565 194 194 1111 -1
1382: 730 971 965 982 1250 714 983 1434 -1
1444: 1111 194 -1
45: -1
40: 1613 474 -1
1387: 50 -1
136: -1
86: -1
1387: 462 -1
136: -1
136: -1
136: -1
3: -1
10: -1
3: -1
17: -1
17: -1
713: -1
946: -1
950: -1
1387: -1
950: -1
745: -1
86: -1
3: -1
1457: 50 -1
1457: 100 30 50 100 -1
1457: 50 -1
100: 50 511 -1
140: -1
40: 50 -1
1387: 50 -1
140: 11 19 -1
1457: 1016 -1
41: 50 -1
24: 50 -1
46: 50 98 0 31 30 17 674 -1
46: 50 -1
102: 50 -1
92: 50 1016 -1
1554: 1097 1256 1589 1096 1701 1098 1710 1846 1584 -1
51: 847 334 474 1113 50 470 -1
46: 50 1701 -1
51: 102 474 50 -1
51: -1
3: 1113 1846 334 730 474 102 785 973 813 -1
46: 50 -1
1027: 1028 -1
98: 50 -1
272: 1463 50 -1
1027: 1846 50 -1
50: -1
129: 50 -1
18: -1
18: -1
18: 279 1661 1083 -1
943: -1
18: 470 -1
1401: 787 -1
50: 1036 -1
313: -1
721: 1036 -1
721: -1
18: -1
721: -1
957: -1
313: -1
3: -1
957: -1
957: 1113 0 40 1846 -1
18: -1
722: -1
54: 1050 -1
1387: -1
54: 1050 -1
917: 1048 30 30 30 30 30 30 30 -1
83: -1
83: 1050 -1
83: 1050 -1
83: -1
86: -1
140: -1
133: 1050 -1
54: 1050 -1
973: 1217 1416 1463 1413 1462 1412 -1
726: -1
722: 462 1113 415 -1
1050: -1
980: 1463 -1
721: -1
981: 1689 -1
721: -1
729: -1
13: 1373 941 1446 938 565 714 1477 1418 1457 1463 -1
1508: -1
1054: -1
382: 1463 1699 -1
988: -1
1054: 1062 11 608 1413 1250 315 1373 939 -1
757: -1
757: 1463 761 931 1689 721 -1
1050: -1
1054: -1
983: 1062 -1
757: 1062 -1
1382: 968 1061 -1
982: 1062 11 -1
1054: 1062 11 608 1413 1250 315 1373 939 -1
1521: -1
86: 1071 -1
54: 1062 939 11 608 1413 1463 1373 30 -1
998: 1111 -1
726: 581 939 1689 -1
387: 1373 938 941 1446 565 714 11 1250 1365 1457 1385 1463 -1
387: 1373 938 721 941 1446 565 714 1250 1365 1457 1385 1463 730 -1
1001: 1062 -1
99: 1062 1061 1250 1363 1661 1083 -1
1003: 315 1416 565 1358 939 1462 1397 1587 470 82 1219 941 940 1439 1441 1457 1216 1061 -1
54: 11 30 -1
30: 931 1062 11 -1
100: -1
100: 1373 -1
100: 1062 -1
100: 1062 -1
100: -1
100: 1111 30 1373 1463 -1
100: 11 -1
100: -1
120: -1
100: -1
100: 903 -1
100: 1701 -1
100: -1
100: -1
100: 304 -1
100: 1710 -1
100: -1
100: -1
100: -1
100: -1
100: 87 -1
100: 1846 42 16 -1
100: 99 -1
100: -1
100: 30 -1
100: 31 -1
100: -1
100: -1
100: -1
100: 677 -1
100: -1
100: -1
129: -1
100: -1
100: 1846 1845 -1
100: 0 100 133 1848 145 -1
757: -1
100: 1098 -1
557: -1
557: -1
713: 60 954 -1
775: 60 954 -1
950: 60 16 -1
100: -1
713: 100 -1
100: -1
100: 1098 1099 785 786 787 788 789 790 791 1107 48 630 -1
57: 785 786 787 1099 788 789 790 791 1107 48 1098 630 -1
57: 785 786 787 1099 788 789 790 791 1107 48 1098 630 -1
57: 785 786 787 1099 788 789 790 791 1107 48 1098 630 -1
100: 785 786 787 1099 788 789 790 791 1107 48 1098 630 -1
100: 785 786 787 1099 788 789 790 791 1107 48 1098 630 -1
57: 1098 1099 787 785 48 -1
100: 785 786 787 1099 788 789 790 791 1107 48 1098 630 -1
57: 1098 1099 787 785 48 -1
57: 1098 1099 787 785 48 -1
57: 785 786 787 1099 788 789 790 791 1107 48 1098 630 -1
86: 785 786 787 1099 788 789 790 791 1107 48 1098 630 -1
57: 1098 1099 787 785 48 -1
100: 785 786 787 1099 788 789 790 791 1107 48 1098 630 -1
57: 785 786 787 1099 788 789 790 791 1107 48 1098 630 -1
100: 1098 1099 787 785 48 -1
118: 785 786 787 1099 788 789 790 791 1107 48 1098 630 -1
57: 1098 1099 787 785 48 -1
57: 1098 1099 787 785 48 -1
57: 1098 1099 787 785 48 -1
57: 785 786 787 1099 788 789 790 791 1107 48 1098 630 -1
57: 785 786 787 1099 788 789 790 791 1107 48 1098 630 -1
57: 785 786 787 1099 788 789 790 791 1107 48 1098 630 -1
57: 785 786 787 1099 788 789 790 791 1107 48 1098 630 -1
57: 1098 1099 787 785 48 -1
57: 785 786 787 1099 788 789 790 791 1107 48 1098 630 -1
57: 1098 1099 787 785 48 -1
57: 1098 1099 787 785 48 -1
57: 1098 1099 787 785 48 -1
26: 1098 1099 787 785 48 -1
899: 1098 1099 787 785 48 -1
57: 1098 1099 787 785 48 -1
57: 785 786 787 1099 788 789 790 791 1107 48 1098 630 -1
57: 1098 1099 787 785 48 -1
57: 785 786 787 1099 788 789 790 791 1107 48 1098 630 -1
57: 785 786 787 1099 788 789 790 791 1107 48 1098 630 -1
57: 1098 1099 787 785 48 -1
57: 785 786 787 1099 788 789 790 791 1107 48 1098 630 -1
57: 785 786 787 1099 788 789 790 791 1107 48 1098 630 -1
657: 785 786 787 1099 788 789 790 791 1107 48 1098 630 -1
57: 1098 1099 787 785 48 -1
102: 1098 1099 787 785 48 -1
57: 1098 1099 787 785 48 -1
57: 1098 1099 787 785 48 -1
57: 1098 1099 787 785 48 -1
57: 785 786 787 1099 788 789 790 791 1107 48 1098 630 -1
57: 785 786 787 1099 788 789 790 791 1107 48 1098 630 -1
57: 785 786 787 1099 788 789 790 791 1107 48 1098 630 -1
57: 1098 1099 787 785 48 -1
57: 785 786 787 1099 788 789 790 791 1107 48 1098 630 -1
57: 1098 1099 787 785 48 -1
82: 1098 60 60 60 60 60 60 60 60 60 60 60 60 60 60 60 60 60 60 60 60 60 60 60 60 60 60 60 60 60 60 60 60 60 60 60 60 60 60 60 60 60 60 60 60 60 60 60 60 60 60 787 785 48 -1
57: 785 786 787 1099 788 789 790 791 1107 48 1098 630 -1
57: 785 786 787 1099 788 789 790 791 1107 48 1098 630 -1
57: 785 786 787 1099 788 789 790 791 1107 48 1098 630 -1
57: 785 786 787 1099 788 789 790 791 1107 48 1098 630 -1
57: 785 786 787 1099 788 789 790 791 1107 48 1098 630 -1
817: -1
57: 1098 1099 787 785 48 -1
57: 1098 1099 787 785 48 -1
57: 1098 1099 787 785 48 -1
57: 1098 1099 787 785 48 -1
86: 1098 1099 787 785 48 -1
57: 1098 1099 787 785 48 -1
57: 1098 1099 787 785 48 -1
57: 1098 1099 787 785 48 -1
57: 1098 1099 787 785 48 -1
57: 1098 1099 787 785 48 -1
57: 1098 1099 787 785 48 -1
57: 1098 1099 787 785 48 -1
57: 1098 1099 787 785 48 -1
10: 1098 1099 787 785 48 -1
57: 1098 1099 787 785 48 -1
57: 1098 1099 787 785 48 -1
57: 1098 1099 787 785 48 -1
57: 1098 1099 787 785 48 -1
57: 1098 1099 787 785 48 -1
57: 1098 1099 787 785 48 -1
57: 1098 1099 787 785 48 -1
57: 1098 1099 787 785 48 -1
57: 1098 1099 787 785 48 -1
57: 1098 1099 787 785 48 -1
57: 1098 1099 787 785 48 -1
57: 1098 1099 787 785 48 -1
57: 1098 1099 787 785 48 -1
57: 1098 1099 787 785 48 -1
169: -1
57: 1098 1099 787 785 48 -1
57: 1098 1099 787 785 48 -1
57: 1098 1099 787 785 48 -1
57: 1098 1099 787 785 48 -1
57: 785 786 787 1099 788 789 790 791 1107 48 1098 630 -1
98: 1098 1099 787 785 48 -1
57: 1098 1099 787 785 48 -1
57: 1098 1099 787 785 48 -1
57: 1098 1099 787 785 48 -1
98: 1098 1099 787 785 48 -1
57: 1098 1099 787 785 48 -1
57: 1098 1099 787 785 48 -1
1508: 1098 1099 787 785 48 -1
57: 1098 1099 787 785 48 -1
169: 786 791 789 48 787 1107 -1
0: 791 789 -1
0: 785 786 1099 788 789 790 791 1107 48 1098 630 -1
57: -1
187: 786 791 48 785 1107 1099 -1
102: 789 791 48 785 787 -1
57: 789 786 48 785 787 -1
782: 1098 787 785 48 788 791 786 789 790 -1
0: -1
787: 60 60 60 60 60 60 60 60 60 60 60 60 60 60 60 787 785 1098 -1
1615: 98 164 -1
622: 789 791 48 785 787 -1
1066: -1
1001: -1
57: 98 164 -1
169: -1
1635: -1
1636: 43 470 -1
1637: -1
1638: -1
1639: -1
3: 60 -1
1640: -1
167: -1
86: -1
32: 100 -1
1642: -1
1643: 19 1846 1850 -1
167: 730 -1
818: -1
140: 62 60 -1
140: -1
140: -1
140: -1
11: -1
766: -1
1650: 98 462 730 1324 -1
1650: 6 98 -1
1650: 1048 470 31 1054 310 100 24 74 1552 474 30 99 775 549 -1
1650: 98 -1
654: -1
1654: -1
1654: -1
3: -1
604: -1
198: -1
873: -1
1372: 1128 -1
313: -1
1657: -1
99: 279 1661 1083 -1
1036: -1
100: -1
287: -1
192: -1
192: -1
46: 92 -1
100: -1
1657: 279 1661 1083 -1
713: 1589 -1
46: -1
133: -1
46: -1
46: -1
46: -1
99: 1050 -1
1657: 1050 -1
1146: 1050 -1
1146: 1050 -1
1146: 1050 -1
803: 1050 -1
100: -1
46: 1050 -1
86: 62 -1
86: 62 279 1661 1083 -1
86: 62 -1
86: 62 -1
86: 62 -1
86: 62 -1
86: 62 -1
86: 62 18 86 646 -1
86: 62 -1
86: 62 -1
86: -1
86: 17 -1
0: 17 17 -1
86: 17 -1
86: 1846 1250 -1
86: -1
140: -1
17: -1
17: 819 -1
86: 17 -1
17: -1
17: -1
1102: 17 -1
819: 17 17 17 17 17 17 -1
86: -1
1120: 823 823 1167 -1
69: -1
1669: 0 823 -1
803: 0 823 -1
86: 0 823 -1
86: 823 823 0 -1
86: 0 -1
1120: -1
46: -1
86: -1
803: -1
1884: -1
69: 0 -1
69: 823 823 1167 -1
86: -1
1167: 447 -1
46: 1451 1463 -1
0: -1
92: -1
92: 823 -1
92: -1
1540: -1
57: -1
57: 823 1167 -1
102: -1
57: -1
92: 0 -1
57: 0 823 -1
43: -1
69: 823 823 1167 -1
57: 823 823 1167 -1
57: 0 0 823 -1
1120: -1
803: -1
313: 62 -1
57: -1
57: -1
92: 62 -1
99: 62 279 1661 1083 -1
86: -1
17: 36 -1
713: 17 -1
10: 17 -1
438: 17 -1
702: 36 -1
17: 36 -1
99: 17 -1
17: 36 -1
3: 36 -1
40: 36 -1
1702: 17 -1
1703: -1
100: 17 -1
98: 17 -1
36: 17 -1
86: 36 -1
14: -1
36: 17 -1
17: 36 -1
32: 36 -1
98: 36 -1
17: 36 -1
17: 36 -1
169: 36 832 -1
167: 98 17 -1
167: -1
0: -1
1151: -1
1160: -1
10: -1
1713: 1190 -1
57: -1
32: -1
834: -1
834: -1
1717: 1190 -1
1718: 1190 -1
1718: -1
62: -1
100: 72 -1
3: 17 864 1846 99 72 334 -1
92: 72 62 -1
1187: 17 -1
57: -1
57: 1797 17 1613 769 99 1050 -1
57: 16 17 24 87 1854 -1
57: 17 -1
0: 1098 17 -1
57: 17 -1
3: -1
32: -1
57: -1
813: 1111 545 844 99 1210 -1
57: -1
57: -1
1160: -1
1151: -1
3: -1
661: -1
14: -1
99: -1
1726: -1
11: -1
1728: 1365 82 1222 147 1417 1713 1717 1050 -1
1726: 1463 608 1430 82 1451 1441 1365 1250 159 938 941 1439 944 51 565 1462 1413 1217 1418 315 1422 1373 1397 147 1363 952 -1
3: 331 1463 1416 714 1422 717 1430 11 315 1462 1453 1439 938 1413 936 1457 1459 1373 1365 51 943 25 939 1418 511 1435 328 1397 944 952 565 -1
702: 1250 1446 717 1430 1365 943 950 1463 1111 -1
99: -1
0: 1413 565 1365 938 1463 1373 1446 1416 147 1700 1699 100 932 1397 939 1111 1378 1693 -1
1726: -1
57: -1
1984: 72 1050 -1
41: 871 72 1856 -1
57: 72 -1
1099: 72 -1
1217: 72 -1
167: 72 -1
151: 73 674 1098 -1
1226: 73 -1
1227: 1813 1650 310 73 769 655 -1
1228: 73 -1
217: 175 100 73 614 -1
1160: -1
1230: 40 74 133 40 40 -1
99: 129 74 145 98 164 279 1661 1083 -1
106: 74 559 1637 -1
74: 40 -1
1160: 74 133 -1
1160: 74 -1
74: 40 -1
74: 40 -1
74: 40 -1
74: 40 -1
74: 40 -1
1232: 74 1085 -1
313: 74 164 145 129 98 -1
855: 1050 -1
1208: 1050 -1
1208: 1050 -1
1208: 1050 -1
1208: 1050 -1
1208: 1050 -1
1208: 1050 -1
1208: 1050 -1
1208: 1050 -1
1208: 1050 -1
1208: 1050 -1
1209: 160 72 -1
1210: 72 -1
1236: 72 -1
1189: 72 -1
1238: 72 -1
1239: 677 954 17 -1
1240: 72 -1
1213: 73 -1
1242: 73 -1
1215: 1149 73 -1
1244: 86 1149 73 -1
1245: 73 -1
1217: 73 -1
167: 730 -1
656: -1
3: 1143 159 656 -1
160: 1210 1416 646 936 1358 1846 -1
182: -1
182: 3 -1
92: 1416 474 3 -1
92: 1420 -1
160: 954 99 3 0 0 0 11 -1
160: 3 1692 -1
1250: -1
1250: -1
1250: 1323 1837 730 594 -1
656: 1210 -1
2050: 1703 1046 1845 973 1113 -1
74: 677 1781 -1
1254: 677 -1
1254: 1261 74 -1
850: 1261 74 -1
850: 1261 74 -1
2057: 1261 74 -1
850: 1261 74 -1
2057: 1261 74 -1
2057: 864 74 -1
2057: -1
1230: -1
2057: -1
128: 87 -1
862: 87 -1
2069: 87 1835 -1
217: 99 249 87 -1
313: 87 -1
2069: 1701 87 -1
864: 87 -1
41: 87 -1
2069: 87 -1
864: 87 -1
2017: 87 -1
2069: -1
2072: 84 -1
72: -1
1269: 84 -1
1269: 84 -1
1269: 84 -1
1268: 84 -1
2069: 84 -1
1269: 84 -1
2073: 84 -1
92: 84 -1
72: -1
2087: 84 -1
1275: 84 -1
2073: 1284 73 1699 1701 -1
1217: 1284 73 1699 1701 -1
1217: 1284 73 1699 1701 -1
1217: 1284 73 1699 1701 -1
182: 1284 73 1699 1701 -1
174: 73 -1
257: 387 1713 1321 1589 73 1097 -1
190: 315 -1
3: 73 -1
1217: 1284 73 1699 1701 -1
1217: 1284 73 1699 1701 -1
1217: 1284 73 1699 1701 -1
160: 73 -1
861: 1286 1324 -1
1250: -1
24: -1
254: 90 -1
167: -1
298: -1
861: -1
861: 1098 -1
861: -1
861: -1
861: -1
861: -1
861: -1
861: -1
861: -1
861: -1
861: -1
74: 188 -1
292: -1
298: -1
861: -1
861: -1
861: -1
876: -1
286: 1850 -1
861: 1098 -1
861: -1
861: -1
1285: 1098 -1
1284: 1098 -1
272: 0 1854 677 1587 1552 1730 1781 -1
861: -1
861: -1
861: -1
263: -1
1285: 87 581 -1
2129: 87 -1
20: 1623 87 -1
151: 87 -1
620: 87 -1
191: 87 1783 -1
26: 87 -1
862: 87 -1
99: 87 40 1661 1083 -1
2133: 175 1783 87 -1
2120: 87 -1
1285: 87 -1
2129: 160 87 -1
3: 87 -1
191: 87 -1
215: 1610 1612 175 30 87 -1
37: 87 -1
876: 175 249 87 -1
876: 0 175 87 -1
2118: 0 87 37 100 -1
2133: 87 -1
2120: 1623 87 40 175 -1
2129: 17 1613 769 -1
1: -1
2133: 1 1 -1
20: 310 -1
1: -1
187: 494 -1
1269: 1 1 -1
2169: 1054 -1
1285: -1
861: -1
687: -1
20: -1
2133: 897 1321 898 1323 1324 -1
73: 897 1321 898 1323 1324 -1
73: 897 1321 898 1323 1324 -1
232: 897 1321 898 1323 1324 -1
73: 897 1321 898 1323 1324 -1
20: 897 1321 898 1323 1324 -1
861: 897 1321 898 1323 1324 -1
73: 897 1321 898 1323 1324 1325 1846 -1
73: 897 1321 898 1323 1324 -1
2133: 897 1321 898 1323 1324 -1
20: -1
2169: -1
20: -1
1309: 898 -1
26: -1
73: 897 1321 898 1323 1324 -1
73: 897 1321 898 1323 1324 -1
73: 897 1321 898 1323 1324 -1
20: 897 1321 898 1323 1324 -1
73: 897 1321 898 1323 1324 -1
73: 897 1321 898 1323 1324 -1
73: 897 1321 898 1323 1324 -1
620: 897 1321 898 1323 1324 -1
0: -1
2157: 1325 82 -1
2174: 1846 730 898 82 1325 -1
1254: 82 1325 -1
1309: 82 -1
1290: -1
90: 901 -1
90: 901 -1
90: 901 -1
861: 901 -1
99: 279 1661 1083 -1
313: -1
20: -1
2157: -1
874: -1
14: 87 -1
2167: -1
20: 87 -1
313: 100 136 98 87 102 -1
1303: 1336 -1
817: 1336 -1
2198: 906 -1
30: 98 -1
313: 559 474 1035 -1
2180: 1730 -1
99: 1035 559 474 279 1661 1083 -1
876: -1
100: 100 -1
21: -1
3: -1
1342: -1
892: 1713 -1
151: 100 -1
21: 1338 1342 -1
2208: 100 -1
2209: 100 695 1250 971 1111 -1
867: 100 1413 1250 971 939 1111 -1
21: 1250 -1
98: -1
2157: 1713 -1
2157: 100 1250 -1
151: 1713 100 -1
903: 100 -1
82: 919 696 921 697 1355 1358 1359 1360 45 1362 1363 8 928 701 3 929 1412 1413 1414 930 1416 608 1398 1417 1418 1365 1419 1420 565 1421 1422 1250 931 932 933 1427 1378 1428 1430 936 45 938 1434 1435 939 940 941 1439 1440 943 1443 1444 944 1446 946 559 51 948 1451 712 1453 950 714 952 1457 1458 1459 51 1461 1462 1463 -1
1217: -1
2157: -1
180: 919 696 921 697 1355 1358 1359 1360 45 1362 1363 8 928 701 3 929 1412 1413 1414 930 1416 608 1398 1417 1418 1365 1419 1420 565 1421 1422 1250 931 932 933 1427 1378 1428 1430 936 45 938 1434 1435 939 940 941 1439 1440 943 1443 1444 944 1446 946 559 51 948 1451 712 1453 950 714 952 1457 1458 1459 51 1461 1462 1463 -1
201: -1
82: 919 696 921 697 1355 1358 1359 1360 45 1362 1363 8 928 701 3 929 1412 1413 1414 930 1416 608 1398 1417 1418 1365 1419 1420 565 1421 1422 1250 931 932 933 1427 1378 1428 1430 936 45 938 1434 1435 939 940 941 1439 1440 943 1443 1444 944 1446 946 559 51 948 1451 712 1453 950 714 952 1457 1458 1459 51 1461 1462 1463 -1
2172: -1
2172: 697 -1
1311: 1364 99 1372 1355 1111 1412 1416 1428 1430 938 939 940 721 1443 1701 944 1459 51 1250 470 1710 -1
82: 919 696 921 697 1355 1358 1359 1360 45 1362 1363 8 928 701 3 929 1412 1413 1414 930 1416 608 1398 1417 1418 1365 1419 1420 565 1421 1422 1250 931 932 933 1427 1378 1428 1430 936 45 938 1434 1435 939 940 941 1439 1440 943 1443 1444 944 1446 946 559 51 948 1451 712 1453 950 714 952 1457 1458 1459 51 1461 1462 1463 -1
1326: 1435 1358 931 608 1451 -1
3: 145 1701 1413 1466 25 315 1416 608 1365 82 1363 1419 1420 1457 565 1422 931 1428 1430 936 334 45 938 1434 1435 1373 941 940 1463 147 1441 1388 944 1446 559 51 712 714 948 1462 971 954 928 1098 462 789 -1
20: 919 696 921 697 1355 1358 1359 1360 45 1362 1363 8 928 701 3 929 1412 1413 1414 930 1416 608 1398 1417 1418 1365 1419 1420 565 1421 1422 1250 931 932 933 1427 1378 1428 1430 936 45 938 1434 1435 939 940 941 1439 1440 943 1443 1444 944 1446 946 559 51 948 1451 712 1453 950 714 952 1457 1458 1459 51 1461 1462 1463 -1
313: -1
889: -1
82: 919 696 921 697 1355 1358 1359 1360 45 1362 1363 8 928 701 3 929 1412 1413 1414 930 1416 608 1398 1417 1418 1365 1419 1420 565 1421 1422 1250 931 932 933 1427 1378 1428 1430 936 45 938 1434 1435 939 940 941 1439 1440 943 1443 1444 944 1446 946 559 51 948 1451 712 1453 950 714 952 1457 1458 1459 51 1461 1462 1463 -1
1339: -1
1316: -1
82: 919 696 921 697 1355 1358 1359 1360 45 1362 1363 8 928 701 3 929 1412 1413 1414 930 1416 608 1398 1417 1418 1365 1419 1420 565 1421 1422 1250 931 932 933 1427 1378 1428 1430 936 45 938 1434 1435 939 940 941 1439 1440 943 1443 1444 944 1446 946 559 51 948 1451 712 1453 950 714 952 1457 1458 1459 51 1461 1462 1463 -1
2206: -1
3: 931 1362 1372 -1
313: 919 696 921 697 1355 1358 1359 1360 45 1362 1363 8 928 701 3 929 1412 1413 1414 930 1416 608 1398 1417 1418 1365 1419 1420 565 1421 1422 1250 931 932 933 1427 1378 1428 1430 936 45 938 1434 1435 939 940 941 1439 1440 943 1443 1444 944 1446 946 559 51 948 1451 712 1453 950 714 952 1457 1458 1459 51 1461 1462 1463 -1
2257: -1
1246: 938 1364 1324 1457 -1
82: 1364 1365 1367 1368 3 1370 1371 1372 1373 1374 1375 1376 1377 1378 1379 1380 1382 1383 1384 1385 1386 1387 1388 1389 45 3 8 1393 1395 1396 1397 1398 3 1400 8 928 701 929 1412 1413 1363 1414 930 1416 608 1417 1418 1419 1420 565 1421 1422 1250 931 932 933 1427 1428 1430 936 45 938 1434 1435 939 940 941 1439 1440 943 1443 1444 1358 944 1446 946 559 51 948 1451 712 1453 950 714 952 1457 1458 1459 51 1461 1462 1463 -1
2232: -1
3: -1
202: -1
82: 1364 1365 1367 1368 3 1370 1371 1372 1373 1374 1375 1376 1377 1378 1379 1380 1382 1383 1384 1385 1386 1387 1388 1389 45 3 8 1393 1395 1396 1397 1398 3 1400 8 928 701 929 1412 1413 1363 1414 930 1416 608 1417 1418 1419 1420 565 1421 1422 1250 931 932 933 1427 1428 1430 936 45 938 1434 1435 939 940 941 1439 1440 943 1443 1444 1358 944 1446 946 559 51 948 1451 712 1453 950 714 952 1457 1458 1459 51 1461 1462 1463 -1
898: -1
3: -1
313: -1
82: 1364 1365 1367 1368 3 1370 1371 1372 1373 1374 1375 1376 1377 1378 1379 1380 1382 1383 1384 1385 1386 1387 1388 1389 45 3 8 1393 1395 1396 1397 1398 3 1400 8 928 701 929 1412 1413 1363 1414 930 1416 608 1417 1418 1419 1420 565 1421 1422 1250 931 932 933 1427 1428 1430 936 45 938 1434 1435 939 940 941 1439 1440 943 1443 1444 1358 944 1446 946 559 51 948 1451 712 1453 950 714 952 1457 1458 1459 51 1461 1462 1463 -1
2157: -1
2217: 1605 1689 1701 100 -1
82: 1364 1365 1367 1368 3 1370 1371 1372 1373 1374 1375 1376 1377 1378 1379 1380 1382 1383 1384 1385 1386 1387 1388 1389 45 3 8 1393 1395 1396 1397 1398 3 1400 8 928 701 929 1412 1413 1363 1414 930 1416 608 1417 1418 1419 1420 565 1421 1422 1250 931 932 933 1427 1428 1430 936 45 938 1434 1435 939 940 941 1439 1440 943 1443 1444 1358 944 1446 946 559 51 948 1451 712 1453 950 714 952 1457 1458 1459 51 1461 1462 1463 -1
898: -1
1324: 1699 1463 1413 1416 1378 45 938 943 946 51 51 1418 1365 1420 -1
82: 1364 1365 1367 1368 3 1370 1371 1372 1373 1374 1375 1376 1377 1378 1379 1380 1382 1383 1384 1385 1386 1387 1388 1389 45 3 8 1393 1395 1396 1397 1398 3 1400 8 928 701 929 1412 1413 1363 1414 930 1416 608 1417 1418 1419 1420 565 1421 1422 1250 931 932 933 1427 1428 1430 936 45 938 1434 1435 939 940 941 1439 1440 943 1443 1444 1358 944 1446 946 559 51 948 1451 712 1453 950 714 952 1457 1458 1459 51 1461 1462 1463 -1
1325: -1
1328: -1
2219: -1
82: 1364 1365 1367 1368 3 1370 1371 1372 1373 1374 1375 1376 1377 1378 1379 1380 1382 1383 1384 1385 1386 1387 1388 1389 45 3 8 1393 1395 1396 1397 1398 3 1400 8 928 701 929 1412 1413 1363 1414 930 1416 608 1417 1418 1419 1420 565 1421 1422 1250 931 932 933 1427 1428 1430 936 45 938 1434 1435 939 940 941 1439 1440 943 1443 1444 1358 944 1446 946 559 51 948 1451 712 1453 950 714 952 1457 1458 1459 51 1461 1462 1463 -1
1325: -1
1331: 1463 1413 -1
898: -1
82: 1364 1365 1367 1368 3 1370 1371 1372 1373 1374 1375 1376 1377 1378 1379 1380 1382 1383 1384 1385 1386 1387 1388 1389 45 3 8 1393 1395 1396 1397 1398 3 1400 8 928 701 929 1412 1413 1363 1414 930 1416 608 1417 1418 1419 1420 565 1421 1422 1250 931 932 933 1427 1428 1430 936 45 938 1434 1435 939 940 941 1439 1440 943 1443 1444 1358 944 1446 946 559 51 948 1451 712 1453 950 714 952 1457 1458 1459 51 1461 1462 1463 -1
1326: -1
2172: -1
82: 1364 1365 1367 1368 3 1370 1371 1372 1373 1374 1375 1376 1377 1378 1379 1380 1382 1383 1384 1385 1386 1387 1388 1389 45 3 8 1393 1395 1396 1397 1398 3 1400 8 928 701 929 1412 1413 1363 1414 930 1416 608 1417 1418 1419 1420 565 1421 1422 1250 931 932 933 1427 1428 1430 936 45 938 1434 1435 939 940 941 1439 1440 943 1443 1444 1358 944 1446 946 559 51 948 1451 712 1453 950 714 952 1457 1458 1459 51 1461 1462 1463 -1
905: -1
82: 1364 1365 1367 1368 3 1370 1371 1372 1373 1374 1375 1376 1377 1378 1379 1380 1382 1383 1384 1385 1386 1387 1388 1389 45 3 8 1393 1395 1396 1397 1398 3 1400 8 928 701 929 1412 1413 1363 1414 930 1416 608 1417 1418 1419 1420 565 1421 1422 1250 931 932 933 1427 1428 1430 936 45 938 1434 1435 939 940 941 1439 1440 943 1443 1444 1358 944 1446 946 559 51 948 1451 712 1453 950 714 952 1457 1458 1459 51 1461 1462 1463 -1
2157: -1
867: -1
2254: 1383 1384 -1
3: -1
201: -1
11: -1
82: 1364 1365 1367 1368 3 1370 1371 1372 1373 1374 1375 1376 1377 1378 1379 1380 1382 1383 1384 1385 1386 1387 1388 1389 45 3 8 1393 1395 1396 1397 1398 3 1400 8 928 701 929 1412 1413 1363 1414 930 1416 608 1417 1418 1419 1420 565 1421 1422 1250 931 932 933 1427 1428 1430 936 45 938 1434 1435 939 940 941 1439 1440 943 1443 1444 1358 944 1446 946 559 51 948 1451 712 1453 950 714 952 1457 1458 1459 51 1461 1462 1463 -1
3: -1
82: 1364 1365 1367 1368 3 1370 1371 1372 1373 1374 1375 1376 1377 1378 1379 1380 1382 1383 1384 1385 1386 1387 1388 1389 45 3 8 1393 1395 1396 1397 1398 3 1400 8 928 701 929 1412 1413 1363 1414 930 1416 608 1417 1418 1419 1420 565 1421 1422 1250 931 932 933 1427 1428 1430 936 45 938 1434 1435 939 940 941 1439 1440 943 1443 1444 1358 944 1446 946 559 51 948 1451 712 1453 950 714 952 1457 1458 1459 51 1461 1462 1463 -1
3: -1
3: -1
82: 1364 1365 1367 1368 3 1370 1371 1372 1373 1374 1375 1376 1377 1378 1379 1380 1382 1383 1384 1385 1386 1387 1388 1389 45 3 8 1393 1395 1396 1397 1398 3 1400 8 928 701 929 1412 1413 1363 1414 930 1416 608 1417 1418 1419 1420 565 1421 1422 1250 931 932 933 1427 1428 1430 936 45 938 1434 1435 939 940 941 1439 1440 943 1443 1444 1358 944 1446 946 559 51 948 1451 712 1453 950 714 952 1457 1458 1459 51 1461 1462 1463 -1
3: -1
3: -1
82: 1364 1365 1367 1368 3 1370 1371 1372 1373 1374 1375 1376 1377 1378 1379 1380 1382 1383 1384 1385 1386 1387 1388 1389 45 3 8 1393 1395 1396 1397 1398 3 1400 8 928 701 929 1412 1413 1363 1414 930 1416 608 1417 1418 1419 1420 565 1421 1422 1250 931 932 933 1427 1428 1430 936 45 938 1434 1435 939 940 941 1439 1440 943 1443 1444 1358 944 1446 946 559 51 948 1451 712 1453 950 714 952 1457 1458 1459 51 1461 1462 1463 -1
2217: -1
82: 1364 1365 1367 1368 3 1370 1371 1372 1373 1374 1375 1376 1377 1378 1379 1380 1382 1383 1384 1385 1386 1387 1388 1389 45 3 8 1393 1395 1396 1397 1398 3 1400 8 928 701 929 1412 1413 1363 1414 930 1416 608 1417 1418 1419 1420 565 1421 1422 1250 931 932 933 1427 1428 1430 936 45 938 1434 1435 939 940 941 1439 1440 943 1443 1444 1358 944 1446 946 559 51 948 1451 712 1453 950 714 952 1457 1458 1459 51 1461 1462 1463 -1
8: -1
883: -1
3: 1371 1370 1393 1416 1439 1451 1362 1412 1463 608 82 932 933 936 939 941 1441 944 946 51 565 950 929 1459 51 1462 -1
98: -1
82: 1364 1365 1367 1368 3 1370 1371 1372 1373 1374 1375 1376 1377 1378 1379 1380 1382 1383 1384 1385 1386 1387 1388 1389 45 3 8 1393 1395 1396 1397 1398 3 1400 8 928 701 929 1412 1413 1363 1414 930 1416 608 1417 1418 1419 1420 565 1421 1422 1250 931 932 933 1427 1428 1430 936 45 938 1434 1435 939 940 941 1439 1440 943 1443 1444 1358 944 1446 946 559 51 948 1451 712 1453 950 714 952 1457 1458 1459 51 1461 1462 1463 -1
885: 1397 -1
3: -1
157: 1111 -1
82: 1364 1365 1367 1368 3 1370 1371 1372 1373 1374 1375 1376 1377 1378 1379 1380 1382 1383 1384 1385 1386 1387 1388 1389 45 3 8 1393 1395 1396 1397 1398 3 1400 8 928 701 929 1412 1413 1363 1414 930 1416 608 1417 1418 1419 1420 565 1421 1422 1250 931 932 933 1427 1428 1430 936 45 938 1434 1435 939 940 941 1439 1440 943 1443 1444 1358 944 1446 946 559 51 948 1451 712 1453 950 714 952 1457 1458 1459 51 1461 1462 1463 -1
1246: -1
92: -1
82: 1400 1363 1446 8 928 701 3 929 1412 1413 1414 930 1416 608 1398 1417 1418 1365 1419 1420 565 1421 1422 1250 931 932 933 1427 1378 1428 1430 936 45 938 1434 1435 939 940 941 1439 1440 943 1443 1444 1358 944 946 559 51 948 1451 712 1453 950 714 952 1457 1458 1459 51 1461 1462 1463 -1
130: -1
82: 1364 1365 1367 1368 3 1370 1371 1372 1373 1374 1375 1376 1377 1378 1379 1380 1382 1383 1384 1385 1386 1387 1388 1389 45 3 8 1393 1395 1396 1397 1398 3 1400 8 928 701 929 1412 1413 1363 1414 930 1416 608 1417 1418 1419 1420 565 1421 1422 1250 931 932 933 1427 1428 1430 936 45 938 1434 1435 939 940 941 1439 1440 943 1443 1444 1358 944 1446 946 559 51 948 1451 712 1453 950 714 952 1457 1458 1459 51 1461 1462 1463 -1
918: -1
2257: -1
3: -1
1326: -1
24: -1
82: 1401 1402 3 677 923 924 926 927 696 331 1459 8 928 701 3 929 1412 1413 1363 1414 930 1416 608 1398 1417 1418 1365 1419 1420 565 1421 1422 1250 931 932 933 1427 1378 1428 1430 936 45 938 1434 1435 939 940 941 1439 1440 943 1443 1444 1358 944 1446 946 559 51 948 1451 712 1453 950 714 952 1457 1458 51 1461 1462 1463 -1
921: -1
1354: -1
1354: -1
82: 1401 1402 3 677 923 924 926 927 696 331 1459 8 928 701 3 929 1412 1413 1363 1414 930 1416 608 1398 1417 1418 1365 1419 1420 565 1421 1422 1250 931 932 933 1427 1378 1428 1430 936 45 938 1434 1435 939 940 941 1439 1440 943 1443 1444 1358 944 1446 946 559 51 948 1451 712 1453 950 714 952 1457 1458 51 1461 1462 1463 -1
1354: -1
14: 1466 82 1818 926 -1
14: 1466 82 1818 926 -1
905: 1401 1402 3 677 923 924 926 927 696 331 1459 8 928 701 3 929 1412 1413 1363 1414 930 1416 608 1398 1417 1418 1365 1419 1420 565 1421 1422 1250 931 932 933 1427 1378 1428 1430 936 45 938 1434 1435 939 940 941 1439 1440 943 1443 1444 1358 944 1446 946 559 51 948 1451 712 1453 950 714 952 1457 1458 51 1461 1462 1463 -1
8: -1
3: 82 -1
3: -1
1326: 730 1441 936 1462 565 1219 1422 608 315 82 1457 930 1358 1440 1412 1111 -1
906: -1
2257: -1
208: 1378 -1
3: 1365 712 1398 45 -1
1413: 759 1700 1416 1097 1701 -1
3: 1463 565 1700 1373 1111 -1
604: 315 1416 565 1358 939 1462 1397 1587 470 -1
45: -1
1417: -1
3: 1428 714 936 932 948 1365 712 1422 1457 721 82 1416 1418 952 1111 -1
861: 1373 1463 -1
2310: 931 1358 1428 -1
898: 1446 1378 1111 -1
172: 1416 82 -1
1420: 82 -1
1324: -1
46: 1113 1846 474 1363 1416 1420 1690 939 1428 936 1435 147 1441 712 1457 565 1708 -1
1362: -1
172: 1250 1412 988 -1
899: -1
1427: 965 1420 1416 82 931 936 1358 714 565 1708 1111 -1
1428: -1
1328: 1413 1111 -1
45: 147 965 -1
1372: 921 1416 1219 1373 82 1414 -1
1317: -1
209: -1
45: 931 714 701 1358 82 89 1840 939 1457 1443 1463 -1
1372: 950 1418 82 946 3 1463 1413 -1
905: 1689 1358 993 315 1373 1416 1421 1446 82 608 1462 965 1463 1364 1046 1111 -1
3: 82 -1
1372: -1
1372: 315 1417 1416 82 1373 147 717 51 939 1701 1692 -1
2328: 1416 1463 11 1364 -1
1328: -1
1374: 938 1111 -1
1167: -1
1374: 712 -1
1372: -1
2334: 1463 1364 -1
1328: 1463 -1
620: -1
1387: 1413 1416 1398 82 1422 931 1428 936 51 45 938 939 940 1440 1358 950 1462 -1
1387: 1413 1373 938 82 1250 1451 939 944 1439 -1
1372: 1418 1416 1365 82 1419 1422 932 939 952 51 1111 -1
1387: -1
1387: 565 1412 931 939 82 1419 1422 941 1443 1358 946 559 1453 11 714 1457 1461 1462 1061 -1
3: 1098 100 1422 1217 -1
45: 1422 939 941 1250 -1
3: 936 1462 1435 712 864 -1
3: 943 200 1701 932 1700 1111 -1
883: -1
1384: 1111 677 1416 1428 315 1398 565 1365 82 1419 1219 1378 1430 936 938 1435 147 1358 944 1462 -1
45: -1
45: 1364 939 -1
3: 1602 1413 1463 1416 1398 1365 82 1356 932 1373 331 -1
13: -1
0: 965 194 194 145 647 1463 971 723 98 1443 808 -1
130: -1
1417: 1373 938 1250 1818 721 1457 82 1728 973 965 1412 565 1061 1113 1132 1824 1046 730 -1
167: -1
726: 1062 939 1388 1463 -1
1420: 1463 82 -1
1420: 1463 1417 82 331 1127 1111 -1
1420: 1453 932 1416 147 82 474 931 -1
1328: 11 -1
1424: 82 1463 1373 331 723 -1
1424: 1413 82 939 1373 943 1719 -1
13: 82 -1
1424: 1250 932 1443 1373 82 1463 -1
20: 1699 1416 -1
0: 1111 1418 82 1365 1419 932 1422 952 51 1463 1416 -1
1380: 1602 1413 1463 1416 1398 1365 82 1356 932 1373 331 -1
84: 1413 1373 938 82 1250 1451 939 944 1439 -1
861: 1463 147 1416 941 1459 82 565 1457 939 -1
1354: 1219 565 1440 1441 1358 559 315 730 1416 1457 954 1699 1111 -1
1374: 950 1418 82 946 3 1463 1413 -1
1372: 82 -1
2322: 82 1373 0 647 1035 -1
2324: 1250 944 1398 11 1091 1463 -1
1372: 1699 1416 1463 82 1402 939 1373 45 1728 1365 938 943 -1
938: 1035 1250 11 1699 1463 82 1373 1416 -1
86: 950 948 1418 82 1250 -1
51: 82 1463 1373 331 723 -1
905: 1463 -1
1372: 1453 932 -1
713: 1373 82 1463 -1
3: 1701 938 565 932 1420 968 -1
1437: 82 939 1443 -1
1354: 82 565 -1
1434: 1111 -1
130: 1453 932 82 147 -1
2334: 1443 82 -1
46: 1463 1462 82 939 946 941 1111 808 -1
1374: 950 1418 82 946 1463 1413 -1
51: 1365 82 1463 1422 1373 331 723 -1
541: 1250 1461 82 200 1417 1095 647 932 99 1692 -1
1372: 11 964 -1
1372: 964 11 -1
1417: 102 -1
930: -1
1409: 102 -1
215: 102 -1
1342: 102 -1
946: 102 -1
946: 136 102 98 24 -1
946: -1
1453: -1
357: 939 1685 -1
357: 1035 -1
45: -1
1451: -1
21: 677 -1
21: 1552 1701 474 677 1555 1730 -1
973: -1
172: -1
172: 730 -1
1387: 731 -1
946: 1091 1699 -1
87: 1149 -1
946: 1860 -1
1387: -1
189: -1
130: -1
189: -1
172: -1
157: -1
917: -1
1420: -1
1457: 474 1723 1113 1832 30 -1
861: -1
1102: -1
1462: 30 -1
48: -1
2469: -1
1462: 1046 -1
1424: -1
2469: -1
1424: -1
2413: 1046 -1
2414: -1
2415: -1
1372: 731 -1
250: -1
1420: 1324 -1
1309: -1
1372: 98 581 -1
946: 98 98 -1
11: 98 -1
98: -1
2416: 98 1113 -1
2490: 98 -1
2423: 98 -1
390: 954 98 1098 -1
1342: 581 456 -1
191: 98 -1
250: 98 1113 -1
3: 99 -1
14: -1
1434: 1830 99 100 973 -1
2434: 82 387 -1
1392: 82 -1
1424: 102 -1
13: 102 -1
1309: 102 -1
172: 102 -1
172: 102 -1
557: 102 -1
2437: 102 -1
2438: 102 -1
946: 102 -1
2440: 102 -1
2441: 102 -1
557: 102 -1
1387: 102 -1
557: 102 -1
1434: 102 -1
30: 102 -1
946: 102 -1
215: 102 -1
172: 102 -1
946: 102 -1
557: 102 -1
557: 102 -1
557: 102 -1
557: 102 -1
20: 102 -1
1454: 102 -1
1491: 102 -1
557: 102 -1
557: 102 -1
1491: 102 -1
973: 1323 86 102 -1
946: 102 -1
973: 102 -1
973: 1730 677 -1
172: -1
46: 86 -1
140: 86 -1
1491: 86 -1
92: -1
201: -1
1401: -1
30: -1
1401: -1
1401: -1
1401: -1
1457: 41 41 41 41 41 -1
1401: -1
189: -1
189: -1
1401: -1
0: 1552 -1
