0: 158 -1
1: 180 181 -1
2: 202 -1
3: -1
4: 223 225 138 226 185 -1
5: -1
6: 298 -1
7: -1
8: -1
9: 329 330 331 -1
10: 340 261 261 261 261 261 261 261 261 261 261 261 261 261 261 261 261 261 261 261 261 261 261 261 261 -1
11: 372 378 392 -1
12: 0 39 43 151 0 153 136 136 136 136 445 -1
13: 451 452 453 -1
14: 0 135 -1
15: 473 -1
16: 482 483 -1
11: 378 392 -1
18: -1
19: 557 -1
20: -1
21: 567 -1
14: 0 135 -1
23: 587 588 589 591 -1
24: 592 -1
25: -1
26: 648 -1
27: 0 36 653 654 149 656 657 658 659 2 661 662 663 2 665 666 8 667 668 2 87 670 671 112 -1
28: 4 394 2 4 2 2 150 685 412 -1
26: -1
30: 49 695 696 697 698 699 700 701 702 703 704 705 706 707 708 709 710 711 712 298 713 40 714 715 716 717 718 719 720 721 722 723 724 725 726 727 49 308 254 731 732 733 734 735 736 406 738 739 740 458 742 122 744 1 745 285 747 748 749 -1
31: 750 -1
10: 751 261 261 261 261 -1
33: -1
34: 30 758 302 760 761 762 763 -1
35: 774 -1
36: 63 -1
37: 60 32 845 846 847 138 848 112 850 851 852 853 854 855 856 857 858 19 859 860 -1
38: -1
39: 871 872 525 525 525 525 525 525 525 525 525 525 525 525 525 525 525 525 525 525 525 525 525 525 525 525 525 525 525 525 525 525 525 525 525 525 525 525 525 525 525 525 525 525 525 525 525 525 525 525 525 525 525 525 525 525 525 525 525 525 525 525 525 525 525 525 525 525 525 525 525 525 525 525 525 525 525 525 525 525 525 -1
40: 35 954 955 527 527 527 959 417 961 962 963 964 965 966 967 968 969 -1
41: 37 -1
42: -1
43: 12 1054 -1
44: 574 -1
45: 578 -1
46: -1
47: 99 -1
48: 641 1161 -1
49: -1
35: 525 1205 525 525 525 525 525 525 525 525 525 525 525 525 525 525 525 525 525 525 525 525 525 525 525 525 525 525 525 525 525 525 525 525 525 525 525 525 525 525 525 525 525 525 525 525 525 525 525 525 525 525 525 525 525 525 525 525 525 525 525 525 525 525 525 525 525 525 525 525 525 525 525 525 525 525 525 525 -1
51: 46 -1
52: -1
53: 1337 453 -1
54: -1
55: 63 1372 1373 1374 1375 1376 1377 1378 1379 1380 -1
56: -1
57: 142 1398 300 525 1401 525 721 525 525 525 721 525 721 525 525 721 721 525 1415 1416 1417 1418 1420 1421 1422 1424 1425 1426 1427 1428 1429 1430 1431 1432 1433 1434 -1
27: 27 -1
59: 49 -1
60: 1491 1492 780 780 780 780 780 780 780 780 780 780 780 780 780 780 780 780 780 780 780 780 780 780 780 780 780 780 780 780 780 780 780 780 780 780 780 780 780 780 780 780 780 780 780 780 780 780 780 780 780 780 780 780 780 780 780 780 780 780 780 780 780 780 780 780 780 54 54 -1
61: 1605 1606 798 798 798 798 798 798 798 798 11 798 798 798 -1
62: 648 55 1621 1622 -1
63: -1
64: -1
65: -1
66: 25 -1
67: 37 61 1682 61 1686 1687 2 1689 621 1691 54 7 1693 1694 1695 1696 1697 1698 1699 1700 1701 1702 1703 1366 1704 1705 1706 1707 1708 1709 1710 685 1712 1713 1714 1715 1716 1717 1718 1719 1720 1721 1722 1723 745 46 1724 1725 1726 11 1727 112 684 1729 1730 1731 1732 1733 1734 1735 1736 635 1738 1739 1740 1741 1742 1743 1744 1745 1746 1747 1748 1749 1750 1751 1752 1753 1754 1755 1756 1757 1758 1759 1760 903 1762 1763 1764 1765 1766 1767 2 1769 1770 1771 1772 2 1774 1775 1776 1777 1778 2 1780 1781 1782 1783 1784 1785 2 1787 903 1789 122 1791 1792 2 2 1795 1796 1797 1798 1799 1800 1801 1802 1803 1804 149 1805 1806 1807 1808 1809 1810 1811 635 1813 1814 1815 1816 1817 61 1820 1821 1822 1823 1824 1825 1826 140 1828 666 1829 1830 1831 1832 1833 1834 446 1836 1837 1838 1839 668 1840 1841 1842 1843 1844 1845 1846 1847 2 1849 49 49 1852 2 1854 1855 1856 49 1858 49 912 2 2 2 1864 2 1866 1867 1868 1869 1870 1871 977 1873 1874 1875 1876 2 1878 1879 1880 1881 978 2 -1
32: 63 -1
69: 32 1892 1893 1894 612 845 612 699 1714 1899 684 1900 1901 1902 1903 1904 1905 1906 1907 1013 1909 1910 378 1911 37 977 2 54 622 1915 1916 2 1918 140 1920 1921 1922 1923 366 1925 1926 1927 1928 1929 1003 1931 852 46 -1
70: 675 780 780 1937 780 1031 780 780 780 -1
71: 780 -1
72: -1
73: -1
74: 112 -1
75: 68 -1
43: 68 2027 2028 2029 1076 -1
77: 2031 -1
78: 69 70 1719 2041 101 2042 2043 2044 2045 2046 2047 2048 70 2054 -1
79: 71 567 1161 2058 -1
80: 112 -1
81: 73 -1
73: 73 -1
83: 114 1899 -1
84: 2134 -1
85: 158 -1
86: -1
87: -1
88: 49 1139 -1
89: 2172 2173 1145 1145 -1
90: -1
57: -1
92: 82 2210 1153 1153 1153 82 2218 2219 1153 1153 1153 1153 1153 1153 1153 82 -1
25: 82 2241 16 2242 2243 2244 2245 2246 120 2247 2248 2249 19 2250 852 15 2251 2252 555 1098 2255 2256 2257 2258 2259 2260 2261 112 2262 2263 2264 2265 2266 2267 2268 2269 567 2271 2272 2273 2274 2275 2276 2277 2278 589 2280 2281 2282 2283 2284 2285 2286 2287 2288 150 2290 2291 2292 2293 2294 2295 2296 2297 2298 2299 2300 2301 2302 2303 122 2305 2306 2307 2308 34 2309 2310 2311 2312 2313 2314 2315 2316 2317 2318 503 2320 281 2321 2322 2323 2324 2325 78 2327 2328 2329 2330 2331 2332 2333 112 2 112 112 -1
94: 2339 -1
95: 2340 -1
96: 2341 -1
97: 36 -1
98: 2363 2364 2365 2366 2367 2368 2369 2370 2371 2372 2373 2374 1261 2376 396 -1
99: 87 525 551 551 551 551 551 551 551 551 -1
100: 2400 -1
101: -1
102: -1
103: 1273 -1
104: 93 525 525 525 525 525 525 525 525 -1
13: -1
106: 13 2433 -1
107: 2449 -1
37: 2472 184 551 551 551 551 2478 2479 2480 -1
109: 37 2484 -1
110: 302 2508 680 680 680 2512 2513 -1
2: 2 -1
112: 2 98 98 1311 -1
113: 2528 2529 2530 2531 2532 -1
114: -1
115: 1196 -1
116: 102 102 2555 2556 2557 2 2558 2559 2560 1330 2562 2563 2564 2565 1330 2567 1330 2569 1333 -1
2: 1330 2572 1343 1343 1343 1343 1343 1343 1343 1343 1343 1343 1343 1343 1343 1343 1343 1343 1343 1343 1343 1343 1343 1343 1343 1343 1343 1343 1343 1343 1343 1343 1343 1343 1343 1343 1343 2608 1343 1343 1343 1343 1343 1343 1343 1343 1343 1343 1343 1344 1344 1344 1344 1344 1344 1344 1344 1344 1344 1344 1344 1344 1344 1344 1344 1344 1344 1344 1344 1344 1344 1344 1344 1344 1344 1344 1344 1344 1344 1344 1344 1344 1344 1344 1344 1344 1344 1344 1344 1344 1344 1344 1344 1344 1344 1344 1344 1344 1344 1344 1344 1344 1344 1344 1344 1344 1344 1344 1344 1344 1344 1344 1344 1344 1344 1344 1344 1344 1344 1344 1344 1344 1344 -1
118: 163 -1
119: 2704 2705 2243 2706 300 -1
120: -1
121: -1
114: 1369 1370 525 551 551 551 551 2756 1371 1371 1371 2761 2762 2763 2764 2774 1377 1371 1371 -1
123: 108 567 -1
124: -1
125: 2816 2817 1403 1403 1403 1403 867 2822 2823 2824 113 2825 2826 2827 2828 2829 2830 2831 2832 2833 2834 2243 122 2836 2269 0 2 2331 2838 2839 2840 2841 700 2842 2843 2844 122 2846 2847 2848 2849 2850 -1
126: 111 2 2853 2854 2855 20 2856 2857 2858 2859 2860 2861 2862 2863 2864 2865 2866 2867 2868 2869 2870 2871 2872 2873 2874 2875 2876 2877 2878 2879 2880 2881 2882 2883 2884 2885 2886 2887 2888 2889 2890 2891 2892 2893 2894 2895 2896 2897 2898 2899 2900 605 2902 2903 2904 78 1061 1361 381 2909 2910 2911 2912 2913 2914 1163 731 2916 2 2918 2919 2920 2921 2922 2923 2924 2925 2926 2927 78 2929 2930 2931 2932 1328 575 2934 2935 2936 2937 2938 2939 2940 2941 2942 2943 2944 2945 2946 2947 2948 2949 2950 2951 2952 2953 2954 2955 2956 2957 2958 2959 2960 2961 2962 2 2964 2965 2331 2966 2967 2968 2969 2970 1528 2972 2973 2974 2975 1528 2977 2978 2 2980 2981 2982 2983 2984 2985 118 2986 2987 2988 2989 2990 2991 2992 2993 1717 2264 2994 2995 2996 2997 2998 396 3000 3001 25 1030 3003 -1
127: 112 3006 1568 1568 1568 1568 1568 1568 3013 3014 3015 3016 3017 3018 3019 100 3020 740 3021 3022 3023 3024 3025 1579 -1
128: 1489 3028 3029 3030 3031 3032 3033 -1
126: 115 -1
130: 3037 -1
131: 117 3037 -1
110: 117 -1
133: 3043 721 3046 3048 3049 525 525 525 525 525 525 525 525 525 525 525 525 525 525 525 525 525 -1
134: 1593 3112 1600 -1
112: 36 8 2 662 658 149 665 657 656 663 668 671 666 667 659 120 2 653 87 654 3116 670 0 661 3117 1562 1563 396 1564 1565 1030 1030 3003 -1
136: -1
137: 3168 3169 122 -1
138: 63 3178 -1
139: 1645 -1
140: -1
141: 3205 467 3207 3208 3209 3210 3211 300 300 1253 453 -1
142: -1
143: 3255 3259 3261 -1
144: 129 3266 3267 3268 3269 3270 -1
145: 3271 3272 -1
146: 130 3283 3284 -1
147: 3328 3329 1733 3331 -1
148: 3332 70 3333 492 1323 3336 3337 2 3339 3340 949 3342 3343 3344 3345 3346 3347 3348 3349 3350 3351 3352 3353 3354 3355 635 3357 3358 456 3360 49 3361 3362 145 3363 3364 3365 3366 503 3368 3369 3370 3371 3372 49 3374 49 3376 3377 3 3378 1829 1734 3379 3380 884 3382 555 3383 3384 122 3386 3387 2 3389 3390 3391 3392 3393 3394 3395 3396 3397 294 294 294 294 294 294 4 867 745 3404 3405 3406 3407 3408 438 3410 758 3411 117 3412 3413 3414 3415 717 3417 3418 3419 3420 3421 3422 3423 3424 3425 151 3427 3428 3429 3430 3431 3432 3433 139 3434 3435 3436 112 3437 3438 3439 3440 122 3442 3443 3444 2 3445 3446 3447 3448 3449 -1
149: -1
112: -1
151: -1
0: -1
153: 581 -1
136: 1088 -1
136: -1
136: -1
136: -1
127: -1
159: 503 -1
76: -1
161: 42 2282 3384 2876 1061 1796 667 2987 1088 731 867 510 2936 122 36 1717 2878 740 39 25 3448 -1
162: 3 1687 1732 1710 39 1375 2 -1
163: 1573 -1
141: 1573 -1
141: 1573 -1
166: 8 2 662 658 149 665 663 671 666 667 659 120 2 87 654 657 653 2 670 0 661 -1
167: 1094 0 42 1817 2899 49 45 758 867 2084 36 2831 1726 -1
132: 2831 1375 1054 635 1719 394 594 142 112 39 -1
169: 39 -1
139: 11 1361 12 685 745 758 1725 1717 594 1726 49 39 3350 1739 -1
171: 867 39 1810 1735 1717 76 -1
172: 0 4 847 -1
173: 0 -1
174: 2243 0 2 -1
175: 39 -1
143: 0 1701 -1
2: 2 1817 34 53 2887 39 2264 -1
178: 648 758 1900 46 12 2899 1366 1810 2987 36 1822 1373 39 1926 2172 1163 26 3414 1923 867 117 1717 37 1192 -1
179: 39 -1
180: -1
181: -1
173: 1856 3168 1 -1
183: 1 -1
184: 1777 1 2329 -1
158: 1721 3 119 1 2 1754 599 13 87 668 2987 1687 1343 3377 700 745 40 758 856 1731 847 16 1701 100 2308 49 5 2272 2 -1
158: 1 3 -1
187: 1 1054 49 2909 1756 3411 2 -1
188: 1701 117 202 254 736 4 2861 758 298 281 3 1 -1
156: 1856 1 -1
156: 1 -1
136: 1 -1
192: 1 -1
125: 1 -1
194: 1003 1366 1 -1
195: 847 19 1701 223 4 254 49 79 2329 35 2308 1645 758 2935 63 2277 16 1 -1
196: 1 -1
158: 1 1777 -1
198: 1704 1 1714 -1
199: 847 1 -1
200: 1 -1
167: 1 -1
202: -1
203: 1701 117 2 254 736 4 2861 758 298 281 3 733 745 671 2831 112 852 1343 2042 695 1709 -1
204: 685 35 4 2 3 695 2943 -1
112: 2 25 1030 3003 -1
25: 2084 1361 1719 2 112 -1
25: 2 112 -1
208: 1754 3345 685 2882 223 1719 2 4 847 758 1645 1735 700 3 63 3372 65 695 1709 2943 733 745 112 852 1774 32 -1
36: 3377 1801 78 308 2984 2985 456 1763 1726 852 1903 122 184 2339 13 2896 7 668 2831 2 2861 13 6 2943 969 -1
210: 3396 44 3015 2315 3437 117 661 740 3 100 -1
211: 3370 3 2861 44 -1
212: 1735 2985 700 3 -1
213: 3 -1
214: 44 3 -1
215: 3 2943 2 718 3020 -1
3: 705 -1
211: 740 3358 2243 745 3 308 100 731 -1
218: 3437 740 3 661 2861 658 1735 2885 2985 2295 3429 281 70 1721 298 -1
219: 3 100 -1
25: 3 2295 1735 112 -1
221: 3 -1
214: 675 780 780 -1
223: 4 226 -1
224: 223 225 138 226 185 -1
225: -1
226: -1
185: -1
183: 223 225 226 185 -1
226: 223 225 226 185 -1
183: 223 225 226 185 -1
183: 223 225 226 185 -1
210: 223 225 226 -1
183: 223 225 226 185 -1
183: 223 225 226 185 -1
4: 223 225 226 185 -1
183: 223 225 226 185 -1
183: 223 225 138 226 185 -1
238: 1765 32 1899 1725 4 -1
182: 4 226 -1
240: 4 12 1003 -1
241: 12 1725 4 -1
242: 12 4 -1
243: 60 43 848 112 856 4 2264 2523 180 847 12 -1
183: 223 225 138 226 185 -1
245: 1774 49 4 3358 -1
246: 758 112 4 -1
247: 16 4 -1
182: 4 226 -1
249: 39 4 -1
4: 4 -1
251: 867 1731 4 -1
252: 4 -1
253: 1719 2831 1754 2943 394 671 72 4 3354 1735 -1
254: 1814 758 112 4 744 -1
255: 2172 49 1756 4 -1
256: 4 661 1730 657 6 49 1701 254 1802 -1
257: 49 4 -1
185: 2 4 -1
195: 4 -1
183: 223 225 226 185 -1
261: 72 4 -1
262: 4 -1
182: 4 226 -1
4: 223 225 226 185 -1
265: 142 3116 1754 1 684 120 3168 1899 1828 4 661 685 1730 1856 32 -1
183: 223 225 -1
267: 122 3383 1763 4 35 26 1735 723 758 70 2309 2295 60 -1
183: 4 -1
269: 4 -1
270: 49 4 2878 -1
271: 2943 3352 4 745 1744 748 702 -1
272: 4 12 758 -1
273: 1375 2 1900 1817 1714 867 4 -1
274: 2 4 -1
275: 2376 117 9 2264 1372 758 4 2989 1804 2842 2243 -1
243: 4 226 -1
277: 4 -1
278: 4 32 -1
156: 132 4 -1
280: 1719 685 441 2704 9 281 1717 39 2 1489 4 32 112 2340 -1
281: 2987 70 2054 -1
273: 26 758 45 49 847 3443 1777 5 114 145 2878 112 -1
122: 2 62 612 1733 1061 1817 112 2831 867 2987 2899 49 294 12 49 2275 1900 2243 2887 88 117 2988 5 -1
284: 138 5 1926 122 -1
112: 2878 145 1777 3443 114 26 49 45 758 847 5 25 1030 3003 -1
286: 0 73 49 1900 685 331 5 1926 122 258 138 867 1923 294 2989 25 1927 2243 1735 2943 63 3336 3429 3443 2913 78 117 155 2875 2879 847 745 45 2252 666 503 3 122 145 2909 -1
5: -1
288: 685 120 1810 49 2172 245 5 63 -1
289: 5 63 2 685 -1
290: 2854 758 1732 26 1717 1817 1900 2264 294 70 394 5 16 2262 856 3431 847 2070 2292 2242 2308 2252 1645 -1
257: 16 685 42 1719 49 2172 2265 5 2296 49 1926 2310 3429 3031 139 112 1717 -1
292: 856 42 2110 26 847 2987 49 2276 2252 45 1645 16 2269 331 2856 2857 1717 281 72 3354 2879 1817 2889 2904 78 2947 1925 2935 2969 2899 2995 11 671 2172 5 63 -1
225: 758 72 -1
5: -1
295: 2110 3386 3389 2 1061 2283 2875 79 1817 2899 2276 2310 1900 2330 2887 112 3418 2281 2918 2243 2964 88 2973 2328 3445 2278 2282 3448 5 -1
296: 5 2247 -1
297: 847 2276 2330 2287 2245 112 5 -1
298: 6 301 1343 -1
299: 1752 3 2943 3016 100 666 1735 1704 1902 707 665 740 3429 697 36 3333 3368 3020 2042 456 70 700 3358 695 1645 -1
6: 298 -1
301: -1
302: 2885 3 700 6 -1
303: 3020 661 2943 1719 740 2885 -1
304: 61 1752 666 95 3 699 2885 2 740 2 3348 3429 2451 3370 719 2943 661 1735 3016 100 3015 2861 503 3333 1645 1704 700 1754 2042 2468 658 645 653 949 3346 3349 3340 3353 1900 707 1724 6 281 107 733 254 -1
112: 100 2861 3017 1719 666 6 3429 2885 25 1030 3003 -1
201: 6 -1
307: 299 456 736 40 6 -1
308: 6 -1
25: 45 6 1719 666 1732 2 2831 112 2 -1
25: 1719 6 2861 666 2885 3017 3429 100 112 -1
142: 100 2861 3017 1719 666 6 3429 2885 -1
312: 695 3358 1763 697 2943 6 40 -1
313: 3 1375 2831 6 2 -1
314: 3 3429 2943 665 1735 658 6 3333 3340 -1
315: 1754 2943 6 1735 700 1719 -1
316: 6 -1
142: 666 100 700 1735 6 -1
318: 6 -1
319: 245 7 594 2704 -1
320: 7 -1
245: 7 -1
314: 2760 1403 1378 7 -1
323: 7 -1
324: 1378 2243 2760 245 7 -1
112: 117 4 7 1719 25 1030 3003 -1
25: 7 117 1719 112 -1
327: 27 -1
328: 245 7 -1
25: -1
330: -1
331: -1
25: 16 2249 1777 24 3429 112 2256 9 3447 -1
333: 2899 758 9 685 -1
334: 9 -1
140: 4 758 1744 9 -1
336: 4 59 2252 2243 49 2276 9 1817 63 1900 12 758 -1
337: 122 1721 2882 4 63 223 758 78 1714 9 3448 2878 -1
338: 53 1717 2863 62 49 1814 1900 1810 1817 758 1054 26 5 9 2242 2265 2249 2276 1719 -1
339: 72 758 847 138 2110 1701 9 16 2284 24 2256 2258 2245 2276 2265 2249 2322 2308 112 49 2275 2282 867 2242 2262 331 2899 1817 2973 62 -1
340: -1
261: -1
261: -1
261: -1
261: -1
261: -1
261: -1
261: -1
261: -1
261: -1
140: -1
261: -1
261: -1
261: -1
261: -1
261: -1
261: -1
261: -1
327: -1
261: -1
261: -1
261: -1
261: -1
261: -1
261: -1
11: 378 392 -1
11: 378 392 -1
11: 378 392 -1
332: 392 -1
11: 378 392 -1
370: -1
11: 372 392 -1
372: -1
11: 1003 392 -1
11: 378 392 -1
11: 378 392 -1
261: 378 392 -1
11: 392 -1
378: -1
11: 392 -1
11: 378 392 -1
11: 392 -1
11: 392 -1
11: 392 -1
11: 392 -1
11: 392 -1
11: 392 -1
11: 392 -1
11: 392 -1
11: 392 -1
11: 378 392 -1
261: 392 -1
392: 11 3258 3257 3256 3259 -1
112: 11 -1
394: 11 392 181 3260 -1
267: 11 392 181 3260 -1
267: 11 392 181 3260 -1
397: 11 -1
398: 11 392 181 -1
269: 11 392 181 -1
269: 11 392 181 -1
401: 1373 2243 2875 582 12 11 2172 32 3168 1489 -1
402: 685 2987 63 1717 704 11 12 3271 117 1579 2054 70 120 2523 1330 1745 -1
403: 27 1489 0 2 3271 12 11 32 1003 181 2523 -1
268: 11 83 -1
268: 11 -1
268: 11 -1
268: 11 -1
268: 11 -1
266: 11 -1
410: 11 12 -1
411: 1003 1725 11 12 -1
267: 11 392 181 3260 -1
267: 11 392 181 3260 -1
267: 11 392 181 3260 -1
11: 378 392 -1
11: 392 -1
411: 11 -1
418: 12 11 1828 40 -1
268: 11 -1
268: 11 -1
268: 11 -1
267: 11 -1
268: 11 -1
268: 11 -1
268: 11 -1
267: 11 392 181 3260 -1
266: 11 -1
428: 11 -1
267: 648 49 11 1717 1814 -1
430: 12 11 758 1899 -1
431: 2172 11 12 -1
410: 11 -1
268: 11 -1
268: 11 -1
268: 11 -1
267: 11 392 181 3260 -1
267: 11 392 181 3260 -1
269: 11 392 181 -1
266: 11 -1
11: 32 3168 392 -1
441: -1
280: 1719 -1
280: 1719 -1
280: 1719 -1
445: -1
0: -1
13: 3348 453 -1
13: 453 -1
13: -1
268: 452 1829 3 3397 1847 2243 1687 456 745 40 758 26 2 -1
451: 13 -1
452: -1
453: -1
13: 453 -1
13: 27 453 -1
456: -1
457: 13 2831 -1
266: 1373 702 13 13 -1
112: 13 25 1030 3003 -1
25: 13 112 -1
461: 13 -1
462: 3333 3 3429 394 13 3410 49 594 49 731 745 12 1727 3350 46 -1
463: 1923 1735 661 867 503 748 3020 2280 13 149 63 3015 3363 1719 -1
464: 117 1754 13 1719 2956 4 1717 49 2255 2935 1900 294 -1
465: 666 2711 2943 13 2861 1704 40 49 -1
466: 13 -1
467: 745 593 100 61 63 44 49 13 122 635 733 668 36 27 2 -1
268: 666 13 -1
135: -1
14: 0 135 -1
14: 0 135 -1
14: 0 135 -1
473: -1
296: 15 -1
15: 79 -1
280: 82 503 2266 2320 2264 150 19 2307 2283 2312 2323 2243 2249 2272 2260 2317 2265 2247 2313 1098 2284 2271 2286 112 2308 2302 2288 2242 2263 2296 2291 281 122 2251 2331 2314 2292 2276 2318 2310 2252 2329 2299 2255 2303 2257 852 2305 567 2325 2259 2330 2273 2311 555 2274 2287 2275 2298 2295 2290 2241 2322 2324 2248 2281 120 589 2245 2301 2321 2309 2277 2297 2258 2327 2300 2293 2246 2315 78 2256 2267 2244 2294 2261 2328 2262 2285 2333 2316 2269 34 15 16 2268 2250 2280 2332 2278 2306 2282 25 1030 3003 -1
477: 15 -1
478: 2242 2275 24 2265 2249 2259 112 1817 758 2277 2245 15 2276 2322 2262 1701 2885 2309 2985 -1
479: 473 15 -1
16: 482 -1
16: 483 -1
473: -1
483: 2340 -1
484: 2246 16 867 2317 2110 1900 2265 24 2243 2286 2242 112 2275 2322 2277 2256 -1
485: 3439 1748 1810 16 2110 2272 2265 24 2263 2275 867 2322 2245 2277 63 2256 847 856 745 1645 -1
16: 483 -1
487: 12 149 1719 1375 16 758 112 2110 -1
203: 666 2878 2984 2990 63 16 25 847 3420 26 745 112 758 -1
301: 16 -1
16: 483 -1
457: 63 2172 32 16 181 2831 -1
492: 16 2 867 483 2831 3442 1754 3208 1719 685 63 2264 2987 1053 1814 281 3291 2243 -1
268: 1845 2986 1719 2251 2281 1717 1900 52 2264 378 2989 88 3442 83 2371 7 49 758 1727 16 1714 2331 648 3410 1814 -1
80: 2246 16 867 2317 2110 1900 2265 24 2243 2286 2242 112 2275 2322 2277 2256 -1
2: 2760 63 1806 2243 685 867 4 16 112 245 1373 1900 2987 1810 12 1970 1754 3419 2264 1489 27 1731 965 0 2861 3020 -1
496: 612 723 3 1901 1902 2987 745 16 70 11 1899 684 71 1003 1900 2273 1774 719 2885 32 2861 2309 740 739 -1
497: 16 -1
2: 16 -1
499: 16 -1
63: 675 780 780 1031 780 780 780 -1
501: 16 19 2265 24 2263 2275 2281 2245 2277 63 2256 -1
502: 16 2110 2865 1701 49 2243 49 24 114 26 45 281 -1
503: 2256 2310 2276 16 -1
504: 2243 4 685 16 112 245 1489 181 2523 -1
16: 483 -1
506: 16 -1
507: 112 510 394 847 63 223 5 16 1719 758 1817 2935 1528 2899 -1
78: 867 294 685 120 2243 1774 3031 32 16 745 28 1 1714 2885 1814 1900 3 2774 -1
509: 258 2284 16 24 2269 2275 2277 63 86 281 2887 -1
510: 27 1489 2987 112 16 -1
158: 758 112 16 -1
162: 16 26 2249 1777 114 2243 758 112 847 589 2262 -1
513: 16 2331 3031 3208 2986 24 1054 2296 122 2989 2256 2329 -1
514: 847 1701 36 2843 1754 16 1489 -1
11: 59 32 392 -1
11: 392 -1
158: 378 392 -1
11: 392 -1
11: 392 -1
11: 392 -1
11: 378 392 -1
514: 392 -1
11: 392 -1
11: 392 -1
11: 392 -1
11: 378 392 -1
11: 49 -1
11: 392 -1
11: 392 -1
11: 378 392 -1
11: 392 -1
510: 392 -1
11: 392 -1
11: 392 -1
11: 378 392 -1
11: 392 -1
11: 392 -1
538: 392 -1
11: 392 -1
11: 392 -1
11: 392 -1
11: 392 -1
11: 392 -1
11: 392 -1
11: 392 -1
11: 392 -1
11: 392 -1
17: 322 -1
549: 18 556 -1
11: 18 -1
322: 18 -1
322: 18 556 -1
553: 18 -1
322: 18 -1
322: 18 -1
556: 18 -1
557: -1
11: 2899 1817 19 2932 -1
142: 82 503 2266 2320 2264 150 19 2312 2307 2283 2323 2243 2249 2272 2260 2317 1098 2265 2247 2313 2284 2271 2286 112 2308 2302 2288 2242 2263 2296 2291 281 2251 2331 2314 2292 2276 2318 2252 2310 2329 122 2299 2255 2303 2257 852 567 2325 2259 2330 2273 2311 555 2274 2287 2275 2298 2295 2290 2241 2322 2324 2248 2281 120 589 2245 2301 2321 2246 2309 2277 2297 2258 2300 2327 2293 2315 78 2256 2267 2244 2305 2294 2261 2328 2262 2285 2333 2316 2269 34 15 16 2268 2280 2332 2278 2306 2282 2250 -1
560: 2874 2876 2882 2984 2992 117 2887 19 1717 49 2084 2110 1817 114 2899 2329 758 2922 2936 2973 62 -1
561: 1829 2887 2876 20 -1
562: 648 26 49 3443 40 2269 1701 847 867 25 2331 2879 2864 1061 59 1732 2084 2339 394 20 45 710 2860 758 12 79 2881 -1
63: 675 780 780 1031 780 780 780 -1
564: 2376 20 -1
25: 2875 731 2942 1061 2935 2894 2899 2882 2889 2968 2954 2961 2856 2900 2895 2964 2985 2878 2936 2855 78 2874 2859 2876 2914 2 2887 2973 2918 605 2913 2892 2879 2980 2864 1528 111 2992 2930 1717 2951 2932 2903 2938 2922 2911 2994 2920 1361 2988 2984 2945 2854 2989 2 2912 2888 2957 2863 2264 2871 2956 2966 2858 2 2934 2860 2969 2880 2873 2947 2909 2886 2993 20 2923 2910 2893 2939 2960 2959 2974 2921 2991 2926 2972 2925 2898 2967 2902 2982 2331 2872 2948 2896 575 381 2885 2965 2946 2941 1328 2975 2929 2970 2949 2958 2995 2916 2891 2904 2857 1528 2881 2953 2990 2862 2950 2 2943 2861 2981 2870 2853 2940 2919 2924 2944 2937 2884 2952 2987 2877 2869 2890 2977 2867 78 2955 2931 1163 2962 2986 2927 2897 2978 2866 2865 2868 2883 118 2983 112 -1
566: 117 20 49 -1
567: 867 -1
11: 378 117 21 1814 2987 2243 63 2831 1900 1719 582 1003 12 2523 -1
569: 117 21 583 2831 1814 281 -1
570: 21 -1
571: 281 117 21 -1
572: 1719 1754 2831 438 2366 2373 1261 37 1814 120 63 1003 12 2243 2523 54 21 1703 1717 -1
25: 1763 149 2 113 21 98 2536 49 1722 2878 2909 53 112 -1
112: 1763 113 2536 2909 2878 49 53 21 98 2 1722 25 1030 3003 -1
575: 98 21 27 -1
11: 117 1725 32 21 98 695 -1
577: 21 -1
25: 2264 1719 2831 112 -1
327: 2373 37 46 98 698 1374 612 1763 719 1712 149 2878 1696 1904 1163 1710 852 1703 2264 1361 21 -1
580: 1814 63 2831 21 2943 2 46 2264 -1
581: 1814 1719 21 -1
25: -1
583: -1
2: 117 21 2831 1719 46 98 -1
14: 0 135 -1
14: 0 135 -1
587: -1
588: -1
589: -1
21: 591 -1
557: -1
592: -1
11: 3456 3376 438 3 3379 884 1735 2878 734 3386 2 2243 3389 3393 3394 2868 3396 3412 1796 2883 867 2898 381 707 731 2264 2885 3413 78 567 3414 555 3418 3419 3421 3424 3430 3436 3431 3433 3439 3442 3444 2 3445 2861 1806 3448 3377 1717 1098 2331 79 3404 24 3429 294 2329 2943 149 3427 100 1763 1814 2985 3443 3020 1721 699 718 95 95 1699 666 2831 503 3346 3372 3365 3350 49 710 281 3336 1053 6 661 1719 2896 1323 665 1704 107 949 3333 3349 3343 3370 3345 3347 3348 3351 3354 658 1361 2295 1754 2711 1733 3383 1727 3415 49 3360 3397 145 3363 70 2450 139 1645 308 49 1465 667 -1
594: -1
595: 24 -1
596: 685 120 3 2296 63 24 1489 -1
597: 1366 49 49 1856 1054 3430 3386 3422 2973 2936 3438 3427 648 112 4 1810 24 2989 3 -1
598: 24 594 62 648 1748 1725 112 4 -1
599: 1735 666 2943 2 294 685 24 1719 2331 3 3429 3370 2264 700 2885 1756 2830 2831 1763 63 100 -1
600: 1719 1923 1817 25 -1
601: 1061 2895 25 2918 2926 122 -1
63: 675 780 780 1031 780 780 780 -1
312: 2899 25 1923 2282 2876 1719 149 1927 1925 2831 2887 2942 -1
604: 618 25 1754 2987 117 2831 -1
605: 78 845 88 25 -1
606: 2913 845 25 88 -1
607: 11 25 -1
608: 25 117 -1
122: 171 2 1733 25 2243 867 2309 2241 1377 1900 1378 648 32 3168 4 0 -1
610: 88 845 867 25 1926 2243 -1
611: 2875 2923 1701 656 2879 26 1719 503 867 78 49 25 -1
140: 2887 2935 648 25 -1
140: 3 2899 2875 685 1905 25 -1
614: 1926 1645 25 26 867 2252 78 49 2243 -1
2: 2899 25 2875 758 12 2271 2831 117 -1
616: 2243 78 294 25 2252 88 117 -1
611: 1774 3168 11 758 1856 112 1366 2110 3377 4 2899 78 510 25 -1
618: 25 -1
619: 845 25 -1
620: 567 25 36 -1
621: 25 2936 3415 -1
614: 758 510 112 2110 25 4 1003 2875 12 -1
623: 845 394 2542 25 -1
624: 25 -1
625: 867 1842 1900 2329 2989 2875 2894 25 1925 1719 2 2714 2264 2831 2965 63 119 2243 3354 49 45 2278 758 1726 1094 78 42 3032 2943 -1
626: 1721 1719 25 666 867 -1
627: 25 -1
628: 1378 1377 648 758 2899 1899 1905 1452 12 11 25 62 -1
626: 758 25 2973 2936 2899 -1
312: 1817 25 -1
631: 758 3443 25 2243 2875 2989 -1
610: 2831 2921 25 -1
359: 618 25 2987 2331 -1
634: 25 45 -1
635: 25 758 1817 53 2973 1719 2888 2936 -1
636: 2887 1817 2935 648 25 -1
637: 2857 25 -1
638: 0 3 2301 758 114 685 2310 40 36 2 659 149 49 25 2243 1719 2 4 635 2943 1645 867 700 1925 2831 3379 1817 605 79 -1
639: 2 25 -1
640: 758 4 78 1673 112 25 -1
641: 49 2986 2950 2831 2860 25 117 2281 1454 1719 758 1717 78 2965 2479 -1
312: 3379 25 -1
643: 0 294 25 1926 -1
644: 1900 1920 2879 867 138 2243 847 3336 -1
645: 707 25 1719 171 -1
646: 847 1925 1061 62 4 745 26 2974 1375 3354 758 3291 2264 510 294 2281 40 2846 1900 648 2973 1754 25 -1
24: 648 -1
648: -1
24: 648 -1
635: 112 -1
396: 2 112 -1
396: 2 112 -1
653: -1
654: -1
149: -1
656: -1
657: -1
627: -1
659: 2831 26 0 36 -1
2: 3116 -1
661: -1
662: -1
663: -1
2: -1
665: -1
666: -1
667: -1
632: -1
2: -1
670: -1
671: -1
112: -1
25: 2 668 3397 2943 112 2 -1
25: 2329 112 -1
25: 666 112 -1
643: 2339 1904 736 63 298 112 2 -1
25: 112 2 -1
25: 2042 33 112 -1
394: 2376 -1
2: -1
4: -1
25: 4 -1
2: -1
150: -1
685: -1
412: -1
687: 28 39 12 -1
78: 28 39 685 -1
689: 26 -1
690: 26 -1
657: -1
203: 1777 2831 2 685 26 -1
625: 26 -1
49: -1
695: -1
696: -1
697: -1
698: -1
699: -1
700: -1
701: 2861 -1
702: -1
703: -1
704: -1
705: -1
706: 970 -1
707: -1
708: -1
709: -1
710: -1
711: -1
712: -1
713: -1
714: 713 731 1801 717 709 708 3429 3408 3379 -1
715: -1
716: -1
711: -1
718: -1
719: -1
720: -1
721: -1
714: -1
723: -1
724: -1
725: -1
726: -1
727: -1
49: -1
726: -1
254: -1
731: -1
710: -1
733: -1
734: -1
735: 27 745 -1
736: -1
406: -1
738: -1
739: -1
740: -1
458: 85 -1
742: -1
122: -1
744: -1
745: -1
285: -1
747: -1
748: 181 -1
749: -1
735: -1
751: -1
261: -1
261: -1
261: -1
261: -1
261: 30 758 302 760 761 762 763 -1
30: -1
727: -1
302: -1
760: -1
761: -1
762: -1
763: 762 -1
764: 34 453 -1
765: 867 567 1829 1927 852 1923 2243 114 1925 1719 1717 2943 2942 49 2264 1900 2954 2875 258 63 1701 62 2331 1723 36 2910 2974 120 34 12 1814 2 2 2281 685 847 2987 744 394 112 -1
766: 1817 2 2878 -1
30: -1
732: 88 -1
30: 2863 2935 2 -1
30: 1593 2274 668 142 845 1054 1856 3 34 60 -1
771: 1754 2831 1719 2281 4 63 34 117 -1
772: 1054 487 294 718 1735 137 90 661 394 34 453 -1
773: 758 1856 4 2 78 1673 78 2084 34 510 112 2110 25 4 2899 -1
774: -1
775: 0 646 685 35 860 593 3456 112 -1
122: 0 646 35 860 -1
777: 0 -1
778: 35 745 1701 3333 727 726 702 1774 32 3168 -1
779: 648 45 2084 26 35 -1
780: 1701 2243 847 2269 2879 79 35 385 2330 88 45 -1
374: 35 -1
773: 1763 2110 49 635 49 35 4 1817 3414 3415 1726 2943 758 -1
783: 0 646 35 593 3456 860 1452 112 2 -1
25: 254 35 3370 3016 1704 3 695 107 -1
785: 856 35 49 -1
786: 2831 35 -1
787: 35 3 -1
788: 1735 2 1719 702 701 35 -1
789: 3372 3368 3346 3350 3365 49 949 700 3 1754 3348 3370 3342 304 3349 3345 3354 3339 3355 3351 3357 3442 661 717 2943 3428 3430 3396 605 711 2711 731 70 2309 3424 3420 745 49 107 35 254 145 2295 503 1902 -1
790: 2241 26 1701 2269 49 2243 622 1726 845 867 -1
30: 593 35 -1
792: 701 702 684 35 745 -1
725: 0 646 593 685 35 3456 202 860 -1
142: 1489 685 1731 2831 1774 32 3168 856 2110 35 1900 -1
795: 1754 78 1719 2854 1717 2479 53 1852 35 745 -1
796: 675 780 780 -1
63: -1
798: 63 -1
32: 63 -1
32: 63 -1
32: 63 -1
32: 63 -1
32: 63 -1
32: 63 -1
32: 78 1701 49 1088 2831 36 1856 88 2243 -1
312: 63 -1
32: 63 -1
32: 63 -1
32: 63 -1
32: 63 -1
32: 63 -1
32: 63 -1
32: 63 -1
32: 3168 32 -1
105: 63 -1
32: 63 -1
32: 63 -1
32: 63 -1
32: 223 40 3 117 298 1403 63 -1
32: 63 -1
32: 63 -1
32: 36 -1
823: 1829 2860 1717 1796 2329 79 2899 62 2922 149 2331 1719 36 710 -1
824: 2329 -1
142: 63 -1
32: 63 -1
32: 63 -1
32: 63 -1
32: 63 -1
32: 63 -1
32: 63 -1
32: 63 -1
32: 63 -1
32: 63 -1
32: 63 -1
32: 63 -1
32: 63 -1
32: 63 -1
32: 63 -1
32: 63 -1
32: 63 -1
32: 63 -1
32: 63 -1
32: -1
845: -1
846: -1
847: -1
848: 2172 1030 3003 -1
112: -1
32: -1
851: -1
852: -1
853: -1
854: -1
855: -1
856: -1
857: -1
32: -1
859: -1
860: -1
861: 88 -1
34: 2899 38 -1
2: 4 38 -1
864: 4 733 38 -1
865: 2 867 38 72 12 685 2264 2243 2989 0 2878 -1
866: 112 1899 38 -1
867: 2376 -1
32: 38 -1
869: -1
870: 2172 38 -1
871: -1
872: -1
525: -1
525: -1
525: -1
32: -1
525: -1
525: -1
525: -1
525: -1
525: -1
525: -1
525: -1
525: -1
525: -1
525: -1
525: -1
525: -1
525: -1
525: -1
857: -1
525: -1
142: -1
525: -1
525: -1
525: -1
525: -1
525: -1
525: -1
525: -1
525: -1
525: -1
525: -1
525: -1
525: -1
525: -1
525: -1
525: -1
525: -1
525: -1
525: -1
525: -1
525: -1
525: -1
525: -1
525: -1
525: -1
525: -1
525: -1
525: -1
525: -1
525: -1
525: -1
525: -1
525: -1
525: -1
525: -1
525: -1
525: -1
525: -1
525: -1
525: -1
525: -1
525: -1
525: -1
525: -1
525: -1
525: -1
525: -1
525: -1
525: -1
525: -1
525: -1
525: -1
525: -1
525: -1
525: -1
525: -1
525: -1
525: -1
525: -1
525: 525 -1
35: -1
954: -1
955: -1
527: -1
527: -1
525: -1
959: -1
417: -1
961: -1
962: -1
963: -1
964: -1
965: -1
966: -1
967: -1
525: -1
969: 40 -1
970: -1
971: 969 -1
36: 1777 969 -1
36: 969 -1
36: 13 969 -1
36: 969 -1
525: 969 -1
36: 1719 281 40 -1
2: 2274 685 1754 63 298 40 -1
979: 40 -1
980: 3370 969 -1
36: 969 -1
36: 969 -1
36: 35 954 955 527 527 527 959 417 961 962 963 964 965 966 967 968 969 -1
36: 969 -1
36: 2243 1725 83 40 1722 -1
986: 40 -1
987: 40 3397 -1
162: 685 1724 11 12 3383 745 733 3429 1828 2885 40 1717 112 -1
480: 1774 1724 2 1836 635 40 1726 1868 1782 3020 1735 666 -1
990: 969 -1
527: 3377 969 -1
36: 969 -1
525: 12 11 3383 733 1828 40 1717 685 1000 1030 3003 -1
112: 2878 638 40 45 -1
995: 40 -1
996: 12 11 3383 1727 758 1726 46 852 40 -1
162: 40 -1
998: 969 -1
36: 1814 3370 1754 40 3363 -1
1000: 12 11 733 1717 40 3383 685 1724 1828 112 2 -1
25: 40 -1
237: 969 -1
36: 969 -1
36: 969 -1
36: 969 -1
36: -1
1007: 40 -1
1008: 745 3429 1777 758 3420 40 658 1856 2985 1801 2295 -1
78: -1
37: 184 551 551 551 551 2478 2479 2480 -1
37: -1
1012: 184 551 551 551 551 2478 2479 2480 -1
37: 2472 184 551 551 551 551 2478 2479 2480 -1
37: 184 551 551 551 551 2478 2479 2480 37 -1
37: 184 551 551 551 551 2478 2479 2480 37 -1
37: 37 551 184 551 551 551 2478 2479 2480 -1
37: 184 551 551 551 551 2478 2479 2480 37 -1
37: 2472 184 551 551 551 551 2478 2479 2480 -1
37: 2472 184 551 551 551 551 2478 2479 2480 37 -1
37: 184 551 551 551 551 2478 2479 2480 37 -1
37: 37 -1
37: 184 551 551 551 551 2478 2479 2480 37 -1
37: 184 551 551 551 551 2478 2479 2480 37 -1
37: 184 551 551 551 551 2478 2479 2480 37 -1
37: 2472 43 685 12 11 1727 184 551 551 551 551 2478 2479 2480 -1
37: 184 551 551 551 551 2478 2479 2480 37 -1
37: -1
38: 2831 438 3209 2110 -1
37: 1719 1053 -1
38: 867 2241 42 37 1719 117 1727 88 -1
1031: 42 -1
37: 1754 1033 2243 42 -1
1033: 2365 1900 -1
1034: 155 290 1817 1923 1927 45 2 1925 2281 867 117 2243 1701 114 88 42 2831 1719 1900 -1
1035: 42 2264 60 -1
1036: 42 2243 -1
1037: 42 79 867 1817 2241 3414 36 2724 1719 2278 -1
238: 2243 49 45 2831 42 -1
1039: 42 117 1719 -1
1040: 49 -1
1041: 42 1923 867 -1
1042: 78 42 853 26 2899 49 45 758 -1
1043: 1717 2331 42 -1
1044: 648 42 -1
1045: 42 2731 2714 2 -1
1046: 12 42 1927 49 1925 2936 2973 1719 2968 1361 5 -1
1047: 758 112 42 -1
1048: 88 73 2243 2879 2932 42 2281 -1
100: 78 42 -1
1035: 860 42 2714 758 12 1003 -1
1051: 78 2831 856 100 1701 63 668 42 1719 1061 1926 2252 2943 1645 2932 87 2987 1900 -1
1052: 88 117 2831 63 119 281 98 42 1088 2718 1842 -1
1053: 42 145 3360 3368 3350 700 1717 -1
1054: -1
1055: 12 -1
1056: 12 -1
574: 12 -1
37: 12 -1
574: 0 85 76 76 0 0 445 43 -1
1060: 12 -1
76: 12 -1
76: 12 -1
574: -1
1064: 44 112 -1
25: 44 -1
1066: 44 -1
173: 44 1064 1030 3003 -1
37: 2943 100 666 44 -1
1069: 665 44 658 3413 1704 740 2309 1735 3429 -1
1070: 503 44 3437 96 740 653 1900 2043 -1
1071: 2243 867 2831 2331 63 3429 2878 658 1719 1780 149 3442 2264 740 44 294 1697 100 2885 2711 2861 2281 2987 -1
1072: 740 44 -1
580: 3370 2943 44 -1
578: -1
1075: 867 88 1900 1923 2243 45 3208 -1
1043: 49 45 867 -1
1077: 394 45 1925 853 2241 -1
1078: 860 -1
374: 2879 45 847 1814 648 -1
1080: 867 2243 45 2 1717 -1
1081: 685 2843 38 49 45 2243 2241 63 26 -1
580: 45 853 78 -1
1083: 2264 2861 1061 37 2932 19 1817 25 45 2330 -1
1084: 3354 1361 2264 2941 685 2084 867 45 648 117 1375 1366 -1
1085: 2282 2264 2882 2243 1817 2714 45 49 1900 2271 2964 2887 12 62 -1
565: 2295 88 45 661 2912 2943 -1
1087: 2877 49 45 867 1923 -1
1088: -1
1089: 59 2264 45 1900 2331 867 2243 -1
1090: 45 -1
574: 45 -1
1092: 2843 2876 1814 2895 45 -1
37: 1733 71 1923 853 2243 42 223 1817 2241 2987 2899 1814 45 867 847 49 1719 53 648 46 16 2278 2330 2882 12 -1
1094: 1923 394 49 45 -1
1095: 2 1900 45 1719 2899 1701 853 -1
1096: 49 555 700 1701 1721 1817 45 -1
71: 45 867 3032 2 -1
1098: 853 1719 2331 45 867 2831 36 1900 -1
1099: 2365 -1
1100: 45 -1
1101: 2918 4 49 45 49 2 867 -1
1102: 138 155 2875 2879 847 114 745 3354 45 2252 666 2243 2330 -1
220: 1905 1904 1770 1727 46 -1
1104: 46 -1
113: 12 685 11 733 745 1842 744 112 1726 46 -1
475: 1727 46 63 1030 3003 -1
112: 1712 1892 46 -1
137: 11 685 12 3383 245 733 745 1727 2331 1054 3332 758 1726 46 -1
385: 740 1727 1810 1725 46 -1
1110: 12 3383 745 758 1842 1727 46 852 11 648 1703 1810 685 2331 1748 1744 635 1730 3415 -1
12: 2172 12 11 1726 3383 745 758 685 1842 1727 46 852 1703 733 1003 1774 32 3168 -1
1112: 12 11 46 3383 -1
1113: 867 1858 329 1748 3383 49 4 1727 3410 1902 1725 1845 1856 3 1842 654 1726 1918 1366 3018 46 594 -1
1114: 675 780 780 -1
63: 1727 46 112 -1
25: 1905 1910 258 1845 1366 1899 83 1900 1727 11 758 46 852 1717 2 2987 -1
12: 2989 1366 46 852 1931 54 -1
1118: 12 11 1726 3383 745 758 685 1842 1727 46 852 1703 63 -1
610: 1712 1710 1708 1348 1727 46 852 1931 1698 52 83 2371 378 7 -1
1120: 32 1892 12 11 46 1703 1003 758 852 2243 1799 1163 9 1845 1725 684 2256 2899 612 1899 1905 723 2989 83 2371 1712 1708 -1
1121: 1725 46 -1
1114: 1905 258 1727 1725 1845 1003 46 2989 1899 9 1366 1717 -1
1123: 1717 594 2370 1727 493 46 -1
1124: 45 1701 2249 49 3383 1726 46 -1
1125: 11 12 1719 1842 685 1727 149 1725 378 46 852 -1
337: 1905 1892 3408 46 1123 -1
1127: 852 46 1703 37 1693 1719 1696 54 7 -1
1128: 46 1727 1703 852 1003 1904 1712 1715 1716 1710 867 -1
337: 1754 1901 1902 1727 1725 2987 1366 46 54 -1
1130: 1899 1905 83 1814 1003 46 -1
1131: 1902 1727 1845 2043 1714 1712 3429 46 1710 54 -1
1110: 378 46 1725 995 1899 1703 1710 1696 977 438 1904 1714 612 36 1719 3370 3358 2373 -1
1133: 2843 684 685 1727 2523 1905 1003 1714 46 1703 -1
1134: 1719 12 46 -1
1112: 3394 1904 3328 37 621 1689 1696 1717 3443 46 1703 852 1727 2264 867 2532 -1
99: -1
1137: 47 99 -1
1138: 3429 710 47 2831 -1
112: 63 3370 47 -1
1140: 47 1842 2281 710 -1
1141: 2029 1142 2243 2838 47 -1
1142: -1
43: 3370 47 1148 2264 1717 -1
1144: 47 710 43 1900 3256 -1
1145: 1754 3 47 1142 1717 -1
1146: 47 -1
1147: 1719 43 47 710 685 -1
1148: -1
43: -1
1112: 740 2831 47 -1
1151: 47 -1
10: 3370 47 2913 -1
630: 47 3 2943 685 -1
99: 2875 2838 710 -1
99: 2340 1719 2991 2831 47 149 2838 2331 -1
99: 47 1148 2838 710 2943 3291 1900 100 -1
99: 47 -1
1127: 149 1403 47 2991 43 2029 -1
1159: 710 100 47 -1
176: -1
1161: -1
155: -1
1163: 641 1161 -1
1141: 1161 -1
1141: 1161 -1
44: 1161 -1
44: 1161 -1
385: 1161 -1
44: 1161 -1
112: 1161 -1
44: 1161 -1
44: 1161 -1
44: 1161 -1
44: 1161 -1
44: 1161 -1
43: 1161 -1
12: 641 1161 -1
44: 736 49 -1
1179: 49 -1
1180: 675 780 780 1031 780 780 780 -1
63: 49 -1
44: 281 2243 49 758 2987 -1
1183: 3032 867 49 1814 1900 853 117 5 2241 2262 49 -1
1184: 3354 2943 2831 1900 1875 3020 78 1925 2243 49 1817 -1
1158: 49 -1
1158: 1200 1905 1716 731 2883 49 -1
1187: 45 88 49 -1
1188: 1054 49 1717 155 2330 -1
1156: 1774 32 2172 49 856 -1
1156: 25 1754 49 -1
99: 2887 49 -1
1192: 49 -1
1125: 1489 49 -1
646: 867 -1
1195: 49 -1
1196: 1363 281 27 49 -1
1158: 26 845 49 -1
1198: 300 49 -1
1199: 72 1712 2264 1900 575 2252 49 1735 2373 -1
1200: -1
44: 49 4 -1
1202: 49 -1
1203: 745 49 -1
1204: 2243 845 49 1926 -1
1112: -1
125: -1
125: -1
525: -1
136: -1
525: -1
525: -1
525: -1
525: -1
525: -1
525: -1
13: -1
525: -1
525: -1
525: -1
125: -1
525: -1
525: -1
525: -1
525: -1
525: -1
525: -1
1185: -1
1183: -1
525: -1
1183: -1
1183: -1
525: -1
1183: -1
1183: -1
14: -1
1183: -1
1183: -1
525: -1
1182: -1
525: -1
525: -1
525: -1
525: -1
1183: -1
525: -1
525: -1
525: -1
1182: -1
525: -1
14: -1
525: -1
525: -1
525: -1
525: -1
525: -1
525: -1
525: -1
1185: -1
1195: -1
1183: -1
525: -1
525: -1
1182: -1
14: -1
525: -1
1183: -1
525: -1
1183: -1
525: -1
525: -1
525: -1
525: 46 -1
1273: 46 -1
46: 46 -1
1275: 46 -1
525: 46 -1
668: 46 -1
668: 46 -1
1156: 46 -1
46: -1
1281: 46 -1
1273: 46 -1
275: 46 -1
46: 46 -1
1112: 46 -1
46: 46 -1
15: 46 -1
46: 46 -1
46: 46 -1
46: 46 -1
525: 46 -1
46: 46 -1
525: 46 -1
15: 46 -1
1295: 46 -1
46: 46 -1
46: 46 -1
46: 46 -1
46: 46 -1
16: 46 -1
46: 46 -1
46: 46 -1
46: 46 -1
46: 46 -1
1112: 46 -1
240: 46 -1
46: 46 -1
668: 46 -1
125: 46 -1
125: 46 -1
1142: 1905 52 3218 -1
126: 52 234 2339 3207 -1
126: 758 59 52 1731 1311 -1
1314: 52 -1
132: 52 -1
132: 52 -1
1142: 52 3328 -1
132: 2110 52 648 -1
1319: 52 -1
1320: 52 -1
525: 52 3350 1314 -1
1314: 3328 52 -1
132: 1697 394 52 49 1900 1182 3392 2259 685 87 62 -1
302: 847 2256 1817 2899 1748 2276 3415 52 2110 2878 2935 394 1847 1366 2 745 758 1725 122 112 648 -1
1112: 1817 2899 1748 2276 3415 52 2110 2878 2935 394 1847 1366 2 745 758 1725 122 112 -1
125: 2110 1904 1712 635 1714 1708 52 -1
1327: 758 59 52 1731 1311 -1
1328: 2243 2110 1748 1361 635 2309 1900 52 635 -1
125: 52 -1
132: 52 -1
132: 758 2875 52 -1
125: 370 612 59 723 2339 2412 1901 1904 149 3207 52 -1
162: 710 3328 3448 3031 684 1910 52 1314 847 57 -1
1334: 52 -1
1140: 52 -1
1336: 329 11 1748 758 52 1003 54 1489 -1
1337: 53 -1
1338: 1337 -1
48: 180 -1
49: 1905 1712 1715 83 258 1003 54 3360 492 2243 3200 2331 662 122 366 3168 3448 2264 1717 -1
525: 1712 1708 46 492 3429 54 1727 1726 852 1931 2 378 723 2989 52 88 83 2371 7 -1
525: 32 1756 2909 3 1771 3357 304 63 685 -1
525: 122 2 54 -1
525: 2110 1715 723 2987 1904 740 1452 3209 3350 12 648 2 1754 2243 2264 742 2896 26 758 739 685 2207 2276 281 1710 54 1709 -1
525: 3017 2985 100 720 723 1763 54 -1
525: 12 54 120 63 1810 1718 2 -1
525: 83 1899 1910 1366 1003 1845 54 -1
525: 2339 1718 1710 1709 -1
525: 1845 2989 378 1748 1725 -1
1140: 1366 49 54 -1
525: 3358 54 49 745 3427 -1
525: 1719 54 -1
525: 1718 54 1719 2243 685 758 1489 -1
525: 1698 -1
525: 1702 1700 1343 -1
525: 11 758 112 1725 54 -1
525: 3020 2295 54 740 2885 2376 -1
1327: 49 54 -1
525: 1717 1377 37 2264 54 -1
525: 1899 113 2373 1970 2367 1718 1900 1719 2282 2 685 1905 117 149 1712 1842 54 -1
525: 1054 1725 1845 122 54 648 1899 1905 117 11 12 1452 1003 -1
525: 1748 456 3427 1687 597 49 54 1744 -1
525: 62 54 1905 -1
525: 1719 100 2831 1372 3419 555 3390 3350 3414 2899 3436 3418 3429 1712 1905 1708 46 54 1689 258 3383 758 1727 1734 685 593 597 -1
111: 1003 1904 1901 2987 1902 2989 378 1899 2109 3 1712 1708 1710 54 -1
111: -1
111: 54 -1
1332: 744 54 4 1727 112 1366 -1
111: 1725 1694 54 -1
609: 675 780 780 -1
111: -1
1372: -1
111: -1
111: -1
111: -1
525: -1
111: -1
1378: -1
111: -1
111: -1
111: 1380 -1
111: 860 55 1385 1030 3003 -1
111: 3333 646 860 1915 55 2 -1
111: 112 -1
111: 3333 1915 646 55 860 112 -1
111: 56 2987 -1
111: 56 2831 63 1030 3003 -1
111: 675 780 780 1031 780 780 780 -1
111: 56 2831 112 2 -1
111: 56 -1
525: 2973 56 -1
597: 56 -1
1112: 78 4 40 49 1687 61 884 3348 2909 56 2 1844 1375 1719 666 1892 2943 -1
1394: 1829 56 45 648 758 223 2899 26 1817 49 -1
525: 2876 56 758 -1
525: 56 2831 -1
142: 525 1415 1416 1417 1418 57 1419 1420 1421 1422 1423 1424 1425 1426 1427 1428 1429 1430 1431 1432 1433 1434 -1
1398: -1
525: -1
525: -1
1401: -1
525: -1
721: -1
525: -1
525: -1
525: -1
525: -1
525: -1
525: -1
525: -1
525: -1
525: -1
525: -1
525: 142 1398 1416 1418 57 1419 1422 1423 1428 1431 1432 1433 1434 -1
111: 142 1398 1416 1418 57 1419 1422 1423 1428 1431 1432 1433 1434 -1
111: 142 1398 525 1415 1417 1418 57 1419 1420 1421 1422 1423 1424 1425 1426 1427 1428 1429 1430 1431 1432 1434 -1
525: 142 1398 1416 1418 57 1419 1422 1423 1428 1431 1432 1433 1434 -1
1418: 142 1398 525 1415 1416 1417 57 1419 1420 1421 1422 1423 1424 1425 1426 1427 1428 1429 1430 1431 1432 1433 1434 -1
525: 142 1398 721 525 1415 1416 1417 1418 1420 1421 1422 1424 1425 1426 1427 1428 1429 1430 1431 1432 1433 1434 -1
525: 142 1398 1416 1418 57 1419 1422 1423 1428 1431 1432 1433 1434 -1
525: 142 1398 1416 1418 57 1419 1422 1423 1428 1431 1432 1433 1434 -1
525: 142 1398 525 1415 1416 1417 1418 57 1419 1420 1421 1423 1424 1425 1426 1427 1428 1429 1430 1431 1432 1433 1434 -1
525: 142 1398 525 1415 1416 1417 1418 1420 1421 1422 1424 1425 1426 1427 1428 1429 1430 1431 1432 1433 1434 -1
525: 142 1398 1416 1418 57 1419 1422 1423 1428 1431 1432 1433 1434 -1
525: 142 1398 1416 1418 57 1419 1422 1423 1428 1431 1432 1433 1434 -1
525: 142 1398 1416 1418 57 1419 1422 1423 1428 1431 1432 1433 1434 -1
525: 142 1398 1416 1418 57 1419 1422 1423 1428 1431 1432 1433 1434 -1
1428: 142 1398 525 1415 1416 1417 1418 57 1419 1420 1421 1422 1423 1424 1425 1426 1427 1429 1430 1431 1432 1433 1434 -1
525: 142 1398 1416 1418 57 1419 1422 1423 1428 1431 1432 1433 1434 -1
1430: 142 1398 1416 1418 57 1419 1422 1423 1428 1431 1432 1433 1434 -1
1431: 142 1398 525 1415 1416 1417 1418 57 1419 1420 1421 1422 1423 1424 1425 1426 1427 1428 1429 1430 1432 1433 1434 -1
525: 142 1398 525 1415 1416 1417 1418 57 1419 1420 1421 1422 1423 1424 1425 1426 1427 1428 1429 1430 1431 1433 1434 -1
525: 1398 -1
525: -1
525: 3021 1433 1719 2913 1423 1428 1421 1422 1426 1429 1425 1427 1430 1419 57 867 -1
525: 2264 1431 1432 1422 1428 1425 57 1417 1416 1430 1427 1415 525 1421 1423 142 1426 1419 1424 1420 1429 1418 567 2340 -1
525: 1053 1719 142 1417 1415 1432 1431 1418 525 1416 1420 1424 1423 1428 1421 1422 1426 1429 1425 1427 1430 1419 57 -1
525: 3021 1433 1719 2913 1423 1428 1421 1422 1426 1429 1425 1427 1430 1419 57 867 -1
525: 142 1417 1415 1432 1431 1418 525 1416 1420 1424 1423 1428 1421 1422 1426 1429 1425 1427 1430 1419 57 -1
111: 27 2987 2831 3021 1717 2273 867 100 294 2 -1
1441: 1431 1422 1428 1425 57 1417 2831 1416 1430 867 1427 1415 525 1421 142 1423 1426 1419 1420 1429 1418 3370 -1
46: 36 2843 57 1419 1430 1427 1425 1429 1426 1422 1421 1428 1423 1424 1420 1416 525 1418 1431 1432 1415 1417 142 1719 -1
46: 1570 2331 142 1417 1415 525 1432 1431 1428 1416 1425 1422 1418 1420 1424 57 1421 1426 1429 1427 1430 1419 1423 2243 3370 -1
46: 3021 1433 1719 2913 1423 1428 1421 1422 1426 1429 1425 1427 1430 1419 57 867 -1
1445: 1433 142 1415 1432 1431 1418 525 1416 1420 1424 1423 1428 1421 1422 1426 1429 1425 1427 1430 1419 57 -1
10: 2243 117 666 79 1900 -1
113: 1433 6 1431 1432 1422 1428 1416 1425 57 1417 1430 142 1427 1415 525 1421 1423 1426 1419 1424 1420 1429 1418 106 710 -1
113: 867 1361 2243 581 2861 53 78 2 1900 294 1088 2909 438 1717 1719 142 1417 1415 1432 1431 1418 525 1416 1420 1424 1423 1428 1421 1422 1426 1429 1425 1427 1430 1419 57 1433 1403 -1
113: 867 53 1433 503 142 1417 57 2243 -1
525: 1422 1428 1425 57 1417 1416 1430 1427 1415 525 1421 1423 142 1426 1419 1424 1420 1429 1418 -1
1451: 3021 1433 1719 2913 1423 1428 1421 1422 1426 1429 1425 1427 1430 1419 57 867 -1
1452: -1
1453: 62 1476 2863 2887 -1
113: -1
113: 3020 2831 666 298 867 149 2943 100 661 122 78 700 2 1756 1770 1735 1719 117 739 1900 1806 3 2331 2264 3429 2987 2865 2909 2042 2295 1754 710 3442 2878 1704 101 685 2309 658 63 39 503 657 2861 -1
1456: 181 -1
27: 396 -1
525: -1
1112: 112 -1
125: -1
396: 27 27 -1
1462: 27 3 112 2 -1
25: 3 27 1462 1030 3003 -1
112: 27 -1
1465: 27 1702 -1
49: -1
1467: 59 867 2172 1697 -1
525: 2878 -1
1135: 59 612 -1
114: 2989 1904 59 1528 -1
114: 59 1719 1717 2331 -1
114: 59 1970 1905 1899 1712 -1
1473: 2887 62 59 -1
46: 2831 59 -1
115: 59 2895 -1
46: 59 -1
1477: 59 2256 2243 1900 3433 1311 -1
671: 59 710 -1
1479: 63 59 -1
116: 149 -1
116: 59 2887 2935 758 -1
1473: 59 1723 -1
583: 59 1904 -1
1484: 2 2262 2243 2850 1719 2 59 1875 1810 1900 2110 2987 1717 294 149 2974 63 2909 -1
327: 2 149 59 1810 1817 -1
116: 12 -1
597: 59 1311 -1
1203: 648 59 -1
46: -1
116: -1
27: 60 1489 1490 780 54 54 54 1562 54 54 1565 1566 1567 1568 1569 1570 1571 1572 1573 -1
1492: 60 1489 1573 1490 -1
525: 60 1489 1490 780 54 54 54 1562 54 54 1565 1566 1567 1568 1569 1570 1571 1572 1573 -1
180: 60 1489 1490 780 54 54 54 1562 54 54 1565 1566 1567 1568 1569 1570 1571 1572 1573 -1
12: -1
780: -1
780: 60 1489 1490 780 54 54 54 1562 54 54 1565 1566 1567 1568 1569 1570 1571 1572 1573 -1
12: 60 1489 1490 780 54 54 54 1562 54 54 1565 1566 1567 1568 1569 1570 1571 1572 1573 -1
780: 60 1489 1573 1490 -1
163: 60 1489 1490 780 54 54 54 1562 54 54 1565 1566 1567 1568 1569 1570 1571 1572 1573 -1
780: 60 1489 1490 780 54 54 54 1562 54 54 1565 1566 1567 1568 1569 1570 1571 1572 1573 -1
780: 60 1489 1490 1571 780 54 54 54 1562 54 54 1565 1566 1567 1568 1569 1570 1572 1573 -1
780: 60 1489 1490 780 54 54 54 1562 54 54 1565 1566 1567 1568 1569 1570 1571 1572 1573 -1
780: 60 1489 1490 1571 780 54 54 54 1562 54 54 1565 1566 1567 1568 1569 1570 1572 1573 -1
116: 60 1489 1490 54 780 54 54 54 1562 54 54 1565 1566 1567 1568 1569 1570 1571 1572 1573 -1
780: 60 1489 1490 780 54 54 54 1562 54 54 1565 1566 1567 1568 1569 1570 1571 1572 1573 -1
780: 60 1489 1490 780 54 54 54 1562 54 54 1565 1566 1567 1568 1569 1570 1571 1572 1573 -1
178: 60 1489 1490 780 54 54 54 1562 54 54 1565 1566 1567 1568 1569 1570 1571 1572 1573 -1
780: 60 1489 1490 780 54 54 54 1562 54 54 1565 1566 1567 1568 1569 1570 1571 1572 1573 -1
780: 60 1489 1490 780 54 54 54 1562 54 54 1565 1566 1567 1568 1569 1570 1571 1572 1573 -1
1158: 60 1489 1490 780 54 54 54 1562 54 54 1565 1566 1567 1568 1569 1570 1571 1572 1573 -1
155: 60 1489 1490 780 54 54 54 1562 54 54 1565 1566 1567 1568 1569 1570 1571 1572 1573 -1
780: 60 1489 1490 780 54 54 54 1562 54 54 1565 1566 1567 1568 1569 1570 1571 1572 1573 -1
780: 60 1489 1490 780 54 54 54 1562 54 54 1565 1566 1567 1568 1569 1570 1571 1572 1573 -1
111: 60 1489 1490 780 54 54 54 1562 54 54 1565 1566 1567 1568 1569 1570 1571 1572 1573 -1
111: 60 1489 1490 780 54 54 54 1562 54 54 1565 1566 1567 1568 1569 1570 1571 1572 1573 -1
1158: 60 1489 1490 780 54 54 54 1562 54 54 1565 1566 1567 1568 1569 1570 1571 1572 1573 -1
111: 60 1489 1490 780 54 54 54 1562 54 54 1565 1566 1567 1568 1569 1570 1571 1572 1573 -1
111: 60 1489 1490 780 54 54 54 1562 54 54 1565 1566 1567 1568 1569 1570 1571 1572 1573 -1
111: 60 1489 1490 780 54 54 54 1562 54 54 1565 1566 1567 1568 1569 1570 1571 1572 1573 -1
111: 60 1489 1490 1571 1572 1573 -1
780: 60 1489 1490 780 54 54 54 1562 54 54 1565 1566 1567 1568 1569 1570 1571 1572 1573 -1
111: 60 1489 1490 780 54 54 54 1562 54 54 1565 1566 1567 1568 1569 1570 1571 1572 1573 -1
111: 60 1489 1490 780 54 54 54 1562 54 54 1565 1566 1567 1568 1569 1570 1571 1572 1573 -1
111: 60 1489 1490 780 54 54 54 1562 54 54 1565 1566 1567 1568 1569 1570 1571 1572 1573 -1
111: 60 -1
111: 60 1489 1490 780 54 54 54 1562 54 54 1565 1566 1567 1568 1569 1570 1571 1572 1573 -1
111: 60 1489 1490 780 54 54 54 1562 54 54 1565 1566 1567 1568 1569 1570 1571 1572 1573 -1
111: 60 1489 1490 780 54 54 54 1562 54 54 1565 1566 1567 1568 1569 1570 1571 1572 1573 -1
111: 60 1489 1490 780 54 54 54 1562 54 54 1565 1566 1567 1568 1569 1570 1571 1572 1573 -1
111: 60 1489 1490 780 54 54 54 1562 54 54 1565 1566 1567 1568 1569 1570 1571 1572 1573 -1
780: 60 1489 1490 1565 1566 1567 1568 1569 1570 1571 1572 1573 -1
111: 60 1489 1490 780 54 54 54 1562 54 54 1565 1566 1567 1568 1569 1570 1571 1572 1573 -1
111: 60 1489 1573 1490 -1
111: 60 1489 1490 63 780 54 54 54 1562 54 54 1565 1566 1567 1568 1569 1570 1571 1572 1573 -1
111: 60 1489 1490 1571 780 54 54 54 1562 54 54 1565 1566 1567 1568 1569 1570 1572 1573 -1
111: 60 1489 1490 780 54 54 54 1562 54 54 1565 1566 1567 1568 1569 1570 1571 1572 1573 -1
780: 60 1489 1490 780 54 54 54 1562 54 54 1565 1566 1567 1568 1569 1570 1571 1572 1573 -1
111: 60 1489 1490 780 54 54 54 1562 54 54 1565 1566 1567 1568 1569 1570 1571 1572 1573 -1
111: 60 1489 1490 780 54 54 54 1562 54 54 1565 1566 1567 1568 1569 1570 1571 1572 1573 -1
111: -1
111: 60 1489 1490 780 54 54 54 1562 54 54 1565 1566 1567 1568 1569 1570 1571 1572 1573 -1
111: 60 1489 1490 780 54 54 54 1562 54 54 1565 1566 1567 1568 1569 1570 1571 1572 1573 -1
111: 60 1489 1490 54 780 54 54 54 1562 54 54 1565 1566 1567 1568 1569 1570 1571 1572 1573 -1
111: 1489 1573 1571 -1
111: 60 1489 1490 780 54 54 54 1562 54 54 1565 1566 1567 1568 1569 1570 1571 1572 1573 -1
111: 60 1489 1490 780 54 54 54 1562 54 54 1565 1566 1567 1568 1569 1570 1571 1572 1573 -1
117: 60 1489 1490 780 54 54 54 1562 54 54 1565 1566 1567 1568 1569 1570 1571 1572 1573 -1
780: 60 1489 1490 1571 780 54 54 54 1562 54 54 1565 1566 1567 1568 1569 1570 1572 1573 -1
111: 60 1489 1490 780 54 54 54 1562 54 54 1565 1566 1567 1568 1569 1570 1571 1572 1573 -1
1322: 60 1489 1490 780 54 54 54 1562 54 54 1565 1566 1567 1568 1569 1570 1571 1572 1573 -1
1322: 60 1489 1490 63 780 54 1562 1565 1566 1567 1568 1569 1570 1573 -1
780: 60 1489 1490 1571 780 54 54 54 1562 54 54 1565 1566 1567 1568 1569 1570 1572 1573 -1
1322: 60 1489 1573 1490 -1
1322: 60 1489 1490 63 780 54 54 54 1562 54 54 1565 1566 1567 1568 1569 1570 1571 1572 1573 -1
780: 60 1489 1490 63 780 54 54 54 1562 54 54 1565 1566 1567 1568 1569 1570 1571 1572 1573 -1
780: 60 1489 1490 780 54 54 54 1562 54 54 1565 1566 1567 1568 1569 1570 1571 1572 1573 -1
111: 1491 1492 54 54 -1
1142: 1491 1492 54 54 -1
54: -1
54: 60 1489 1573 1490 -1
1562: 1491 1492 54 54 -1
163: 1491 1492 54 54 -1
54: 1489 1571 -1
125: -1
1566: -1
1567: -1
111: -1
1569: -1
1570: -1
1571: -1
1572: -1
125: -1
1112: 1491 1492 54 54 -1
54: 1491 1492 54 54 -1
111: 1491 1492 54 54 -1
54: 1491 1492 54 54 -1
125: 1489 60 1565 1571 1573 -1
1327: 60 -1
1580: 1489 1572 -1
1581: 1491 1492 54 54 -1
125: 867 -1
1583: 1492 54 54 -1
12: -1
114: 1491 1492 54 54 -1
114: 1491 1492 54 54 -1
54: 1491 1492 54 54 -1
54: 3168 -1
1589: 1491 1492 54 54 -1
121: 1491 1492 780 780 780 780 780 780 780 780 780 780 780 780 780 780 780 780 780 780 780 780 780 780 780 780 780 780 780 780 780 780 780 780 780 780 780 780 780 780 780 780 780 780 780 780 780 780 780 780 780 780 780 54 54 -1
780: 1491 1492 54 54 -1
54: 1491 1492 54 54 -1
111: 1491 1492 54 54 -1
54: 3168 -1
795: 3168 -1
795: 60 -1
1597: 1489 -1
2: 1491 1492 54 54 -1
54: 1491 1492 54 54 -1
54: 675 780 780 -1
63: 1491 1492 54 54 -1
163: 1491 1492 54 54 -1
126: 1491 1492 54 54 -1
54: 60 -1
1605: 798 -1
1606: 798 -1
798: 798 -1
798: 798 -1
275: 798 -1
798: 798 -1
798: 798 -1
1140: 798 -1
1140: 798 -1
798: 798 -1
12: -1
798: 798 -1
798: 798 -1
798: 1606 -1
1619: 1605 1606 798 798 798 798 798 798 798 798 798 798 798 -1
55: -1
1621: -1
798: -1
1623: 2831 62 1817 2874 2987 -1
1624: 62 685 -1
1625: 62 -1
1626: 62 1361 2281 1817 2899 2243 685 9 1900 648 -1
1627: 62 -1
1628: 62 1900 648 1452 -1
1626: 122 122 1366 1645 858 62 -1
126: 2874 2876 2875 2887 2243 1817 2895 2936 2973 62 -1
327: 2281 2987 2935 1814 62 -1
798: 1923 62 1361 2281 1817 2899 2243 867 9 648 -1
1359: 394 62 1476 1900 -1
1634: 62 -1
1635: 62 -1
597: 1361 62 49 1900 5 2875 867 2 2899 -1
1637: 2878 2875 1361 2887 2281 63 2876 1817 2863 53 2262 1900 1476 2936 2846 2 62 2986 2993 -1
327: 1054 12 62 -1
1639: 1823 3418 62 -1
1640: 847 62 867 2887 12 79 2243 4 -1
1641: 62 -1
126: 49 1817 62 9 1452 867 1900 2882 2987 2887 378 -1
53: 394 2243 1754 2943 1719 2 1900 648 4 2519 2987 1810 685 3020 2831 661 725 63 1054 1756 1717 2969 758 12 1452 666 1817 2935 62 2281 1814 2331 2878 2863 2887 867 2877 2910 3354 2264 2922 1723 2894 3379 1528 149 2865 2 1701 258 1053 -1
1644: 12 62 -1
1645: 2935 78 2 1476 62 1900 -1
1646: 1476 62 -1
124: 2887 648 59 62 2281 1900 -1
1648: 62 1719 -1
124: 62 1361 49 1476 1717 1900 1452 -1
1635: 758 1727 2281 3448 3444 62 -1
1396: 62 366 2899 -1
1396: 62 -1
1653: 11 62 2863 1817 2875 53 2262 1900 2264 2 294 49 1476 2935 12 2887 1717 2973 2899 2986 2878 -1
1654: 1813 2882 78 2479 1823 1717 1714 3430 3436 62 25 685 -1
43: 62 1817 2899 1900 758 49 2330 2935 2271 2281 1905 -1
1656: 62 49 685 2281 1900 4 2935 1361 2899 1817 -1
1657: 100 2989 758 3396 3414 62 3389 3394 3418 -1
1627: 2922 -1
57: 2 1489 685 39 120 63 2243 1731 1719 63 281 2282 1810 181 2704 -1
12: 2879 1701 281 2711 2172 63 2243 112 -1
258: 1003 1725 63 27 -1
1662: 1003 1725 63 27 -1
831: 1719 64 -1
12: 64 1719 112 1030 3003 -1
112: 64 1719 112 -1
25: 254 64 142 2331 1717 867 281 -1
1667: 155 666 64 1053 1900 1719 -1
140: 675 780 780 780 1031 780 780 780 -1
12: 675 780 780 -1
63: 675 780 780 -1
63: 258 65 112 2 -1
1112: -1
125: -1
125: 184 551 551 551 551 2478 2479 2480 37 -1
125: 184 551 551 551 551 2478 2479 2480 -1
53: 25 -1
125: 25 -1
125: 582 184 551 551 551 551 2478 2479 2480 37 -1
1394: -1
12: 2 -1
14: 978 -1
125: 67 -1
12: 2 -1
43: 2 -1
61: 61 -1
721: 1774 61 1770 1838 2 -1
1687: -1
178: 453 -1
1689: 7 -1
621: -1
1657: 245 -1
1203: -1
1625: -1
149: -1
1695: -1
1696: -1
1697: -1
1698: 46 1712 1710 -1
1699: -1
1700: -1
1701: -1
1702: -1
1703: -1
1704: -1
1705: -1
1706: -1
1707: -1
1708: 2 -1
1709: -1
1710: -1
685: -1
1712: -1
1713: -1
1714: -1
1715: -1
1716: -1
685: -1
1718: 1719 -1
1719: -1
1720: 1904 -1
1721: -1
1714: -1
1723: -1
1724: -1
1725: -1
1726: -1
1727: -1
149: -1
1726: 2831 -1
525: -1
1731: -1
1710: -1
1733: 453 -1
1734: -1
1735: 3370 -1
1736: -1
525: -1
1738: -1
1739: -1
1740: -1
27: -1
1742: -1
275: -1
1744: -1
1745: -1
46: 1774 -1
1747: -1
1748: -1
1749: -1
1735: -1
1751: 181 -1
525: -1
525: -1
525: -1
525: -1
525: -1
130: -1
1727: -1
46: -1
1760: -1
903: -1
1762: -1
1763: -1
1764: -1
1765: -1
1766: -1
130: -1
1732: -1
130: -1
130: -1
1771: -1
1772: -1
2: -1
1774: -1
1775: 2 -1
275: -1
1777: 63 -1
1778: -1
2: 2340 -1
1780: -1
1374: -1
2: -1
1783: -1
125: -1
1785: -1
2: -1
1787: -1
903: -1
1789: -1
122: -1
130: -1
1792: 1846 -1
1725: -1
1142: -1
1795: -1
1796: -1
163: 1764 -1
1798: -1
132: -1
132: 1770 -1
132: -1
132: -1
132: -1
132: -1
132: -1
126: -1
132: -1
132: -1
132: -1
132: -1
132: -1
132: -1
132: -1
132: -1
1105: -1
132: -1
132: -1
132: -1
132: -1
132: -1
132: -1
132: -1
1823: -1
1824: -1
1142: -1
132: -1
132: -1
132: 453 -1
132: -1
132: -1
132: -1
132: -1
132: -1
132: -1
132: -1
132: -1
132: -1
132: 453 -1
132: -1
132: -1
132: -1
132: -1
132: -1
132: -1
1845: 685 -1
1846: 1838 1823 61 -1
1847: -1
2: -1
1112: -1
132: 4 -1
49: -1
1852: -1
2: -1
1854: -1
1855: -1
1856: 12 -1
49: -1
132: -1
49: -1
912: -1
2: -1
134: -1
12: -1
1864: -1
2: 1774 1757 1876 1758 1858 1782 1746 1846 2 1726 11 1725 61 1816 1823 1748 1740 -1
1866: -1
1867: -1
132: -1
1869: -1
1870: -1
1871: -1
977: -1
780: -1
780: -1
780: -1
132: -1
780: -1
780: -1
780: 2 2340 -1
780: 1881 -1
780: -1
780: 1765 61 2 1759 2 1770 1686 1754 1766 1774 1881 1719 2 49 1752 1846 1746 1866 2 1874 1858 1867 1820 329 1807 1805 1823 61 1781 1798 1748 1733 1743 704 -1
780: -1
780: -1
780: 1774 1846 1858 2 67 1870 1785 122 1874 2 1838 1881 1775 1828 1866 112 2 -1
780: 1797 2 -1
780: 1774 1775 1881 1828 1858 1846 1785 2 122 1870 1838 2 67 1874 1866 61 1030 3003 -1
780: 1926 1774 668 1840 329 1923 1925 1823 378 88 2371 7 1686 1846 2409 67 -1
780: 1774 1765 67 668 1828 49 1724 1858 1846 -1
780: 63 -1
49: -1
780: -1
1142: -1
780: -1
780: -1
780: -1
780: -1
780: -1
780: -1
780: -1
780: 1704 -1
780: 661 1901 -1
780: -1
780: -1
780: 1003 -1
780: 1910 -1
780: -1
780: -1
780: -1
780: -1
780: 378 2376 -1
780: -1
780: -1
780: -1
780: -1
780: -1
780: -1
780: -1
780: -1
780: -1
780: -1
780: -1
780: -1
780: -1
780: -1
780: -1
780: -1
780: -1
780: -1
780: -1
780: -1
780: -1
780: 1489 -1
780: -1
780: 1571 -1
780: -1
780: 70 1572 1573 -1
780: 1489 70 1571 -1
780: 1145 96 302 302 302 302 302 302 302 302 302 302 302 302 302 302 302 302 302 302 302 302 2186 302 -1
780: 1701 -1
780: 223 224 225 138 226 185 183 183 183 183 183 183 183 4 183 183 -1
780: 453 -1
780: 181 -1
780: 1701 -1
780: 223 224 225 138 226 185 183 183 183 183 183 183 183 4 183 183 -1
780: 453 -1
780: 1145 96 302 302 302 302 302 302 302 302 302 302 302 302 302 302 302 302 302 302 302 302 2186 302 -1
780: 2017 68 2019 68 68 68 -1
780: 181 -1
780: 2376 567 -1
780: 453 -1
780: 180 181 -1
135: 338 -1
1031: 180 181 -1
1031: 1489 1571 1573 -1
780: 60 1489 1490 63 780 54 54 54 1562 54 54 1565 1566 1567 1568 1569 1570 1571 1572 1573 -1
780: 1489 1573 1572 -1
780: -1
780: 71 1969 1963 503 -1
1417: 1814 2243 3429 3370 71 3354 100 666 2376 -1
1961: 6 71 2943 661 298 2450 740 3370 -1
1962: 71 2831 3354 2243 100 1719 2 1735 36 2331 -1
1963: 71 -1
421: 71 3 666 2309 -1
1965: 71 -1
1966: 3354 1719 1754 2243 662 281 2831 1900 63 575 653 1704 2943 3015 2877 71 117 635 2 3429 867 1717 1756 -1
1967: 3370 2861 2885 1697 2987 71 -1
780: 867 5 2331 3 3016 71 1645 1756 -1
1969: 71 -1
1970: -1
1971: 12 -1
136: 72 1489 -1
136: 72 2264 78 2 1719 -1
136: 685 2704 72 1814 -1
136: 72 -1
780: 758 72 2243 1375 2 1719 5 62 1817 78 2935 2974 2887 2853 2899 3417 -1
136: 78 72 -1
12: 72 -1
1979: 72 -1
1980: 72 78 1845 2412 1814 -1
136: 72 3020 -1
136: 2704 72 -1
136: 72 -1
136: 3429 2243 72 12 158 -1
136: 122 78 72 668 653 -1
162: 72 -1
1987: 150 -1
155: 72 -1
394: 2989 1900 758 2887 1719 72 2853 847 2964 2935 2243 78 12 -1
1990: 12 2882 2989 72 140 -1
780: 72 -1
136: 72 758 -1
780: 72 758 -1
1112: 2969 72 2831 2 -1
1995: 72 11 -1
1996: 2282 2874 2968 72 1375 78 1841 2243 2922 112 88 -1
155: 1489 27 72 1905 258 2172 -1
1998: 657 2831 2243 72 122 1030 3003 -1
136: 138 2284 72 -1
220: 3271 72 -1
2001: 1774 329 2 3 72 1375 1810 2930 1714 11 1748 1726 122 3168 -1
2002: 72 2284 -1
122: 72 657 2831 2243 112 2 -1
25: 72 63 4 -1
2005: 72 -1
2006: 72 -1
2007: 2284 2831 1719 72 -1
2008: 72 1810 0 -1
2009: 72 12 78 2887 -1
2010: 27 11 2172 4 72 758 12 68 3168 3372 112 60 -1
2011: 3333 2943 1054 73 1828 3348 3370 1735 1719 1717 3429 1568 1748 2831 -1
623: 1828 456 1735 3370 3348 2943 3447 2711 73 -1
623: 456 1828 2885 3348 3 3020 73 1901 1902 661 723 719 740 -1
2014: 1054 3 63 73 1828 1735 3020 112 2 -1
25: 1828 1054 1735 63 3020 3 73 2014 1030 3003 -1
112: -1
2011: 68 -1
68: -1
2019: 68 -1
68: 68 -1
68: 68 -1
2014: 68 -1
68: 68 -1
68: 68 -1
68: 68 -1
68: -1
2027: -1
2028: 2029 43 -1
68: -1
1076: -1
2031: -1
2010: 2031 -1
69: 2054 70 70 -1
2034: 69 2044 70 2054 -1
70: 69 2047 2048 2046 70 2054 -1
70: 69 2048 70 2054 -1
70: 69 70 2054 -1
70: 69 70 2054 -1
70: 69 70 2054 -1
70: -1
2041: -1
2042: -1
2043: -1
2044: -1
2045: -1
2046: -1
2047: -1
2048: 2054 -1
1088: 69 2044 70 2054 -1
70: 69 2044 70 2054 -1
70: 69 2044 70 2054 -1
70: 69 70 2044 2054 -1
70: -1
2054: -1
2055: 69 2044 70 2054 -1
70: 71 567 1161 -1
71: 2831 79 -1
2027: -1
2059: 575 1754 1717 79 -1
2060: 79 -1
1094: 79 3207 -1
2062: 11 392 181 -1
269: 79 -1
1095: 11 392 181 3260 -1
267: 2376 2331 575 1754 1717 79 -1
1094: 2943 3445 -1
2067: 4 79 -1
2032: 79 3433 -1
2069: 79 -1
2070: 3377 3379 2329 1719 79 2922 510 867 149 -1
312: 63 20 1721 1817 2893 2874 2882 867 2899 685 635 2922 510 2935 1361 2973 758 2878 2984 3447 79 -1
385: 79 -1
2073: 2899 2331 149 79 2922 62 2329 710 2860 112 -1
2074: 79 112 -1
25: 3386 3445 734 3427 2299 3392 3389 3414 78 3411 3429 731 3377 3396 79 3383 742 1699 49 1719 2831 666 1735 -1
2043: 79 -1
1094: 2879 25 36 867 853 594 12 49 79 167 2243 847 117 27 1489 2331 -1
2078: 79 2074 1030 3003 -1
112: 80 -1
2080: 3114 80 2084 -1
2081: 3114 80 2084 -1
2073: 3114 80 2084 -1
1105: 80 -1
2084: 2943 1719 3114 1735 80 1899 1845 83 1003 1696 2523 378 27 1489 -1
2085: 1901 1712 1719 1725 298 1902 1754 32 666 1645 2262 1842 2831 3429 117 80 2243 27 -1
2086: 1748 80 70 88 718 666 3429 2862 1810 594 112 -1
25: 2243 378 80 -1
2088: 1748 80 63 -1
356: 2243 2 80 -1
500: 3114 80 2084 -1
71: 3114 2084 80 -1
1105: 3114 80 2084 -1
68: 2987 80 -1
2094: 2340 80 -1
2095: 867 70 1748 1740 2878 80 -1
162: 80 2831 -1
2097: 80 -1
1112: 3443 80 -1
2099: 3114 80 2084 -1
1105: 3114 80 2084 -1
1105: 3114 80 2084 -1
1105: 3114 80 2084 -1
1105: 2340 3114 80 2084 -1
1105: 675 780 780 -1
213: 2831 294 1822 1054 1403 80 63 -1
144: 661 1735 117 1719 1748 1740 1741 80 1899 1902 1003 1714 2989 1905 -1
2107: 73 -1
183: -1
2109: -1
2110: 1003 -1
22: 1003 -1
114: -1
2113: 83 -1
2114: 83 -1
2115: 83 -1
1119: 7 52 2987 83 2989 648 -1
22: 2989 52 88 83 378 -1
2118: 158 -1
2119: 2878 2 2879 88 2281 378 2371 63 52 995 83 2339 -1
327: 83 -1
2121: 83 -1
2114: 1905 1901 1899 1712 2987 83 -1
2123: 83 -1
2124: 685 149 1754 1719 2243 2831 83 2 1403 49 867 9 294 1003 1899 1905 1906 1910 2987 -1
2125: 378 83 2989 7 -1
2126: 378 83 2989 7 1003 -1
2127: 83 -1
2128: 1905 1718 83 1727 648 1003 -1
2126: 83 -1
2: 1717 503 2371 378 2989 1754 52 2369 83 1719 1900 1842 7 -1
2131: 63 2278 2856 1814 2831 1719 2264 575 2324 2243 79 1712 83 -1
2110: 83 -1
2133: -1
2134: -1
114: 2134 -1
75: 39 151 76 138 138 138 1055 -1
76: -1
138: -1
138: -1
138: -1
138: 12 -1
2142: 12 -1
76: 12 -1
76: -1
0: 86 -1
2146: 86 -1
1137: 86 -1
573: 2281 86 -1
494: 1900 2329 1926 3 667 1719 87 149 622 -1
114: 567 -1
2151: -1
20: -1
1139: -1
75: -1
75: -1
75: -1
75: -1
2127: -1
1139: -1
182: 2376 -1
1139: 3272 -1
1139: 567 -1
2163: 30 -1
138: 567 -1
138: 567 -1
1139: 88 2151 1139 1139 1139 1139 1139 1139 1139 1139 -1
2167: 88 1719 1754 2264 -1
2132: 88 112 -1
25: 88 2168 -1
138: 88 -1
2171: 1900 2329 88 2291 49 45 867 -1
2172: -1
2173: -1
1145: -1
1145: -1
76: -1
22: -1
2178: 2172 2173 1145 1145 -1
80: 2172 2173 1145 1145 -1
80: 2172 2173 1145 1145 -1
80: 2172 2173 1145 1145 -1
2173: 2172 2173 1145 1145 -1
80: 2172 2173 1145 1145 -1
80: 2172 2173 1145 1145 -1
1139: 89 11 3383 1701 12 1452 1727 1054 1726 -1
1139: -1
302: 2172 2173 1145 1145 -1
80: 2172 2173 1145 1145 -1
1139: 1363 78 89 112 2899 2854 -1
1139: 2172 2173 1145 1145 -1
75: 2172 2173 1145 1145 -1
80: 2172 2173 1145 1145 -1
2125: 2172 2173 1145 1145 -1
80: 2172 2173 1145 1145 -1
80: 1003 -1
80: 2172 2173 1145 1145 -1
1139: 3383 -1
76: 49 -1
76: 1366 -1
76: 90 1900 -1
2167: 90 -1
78: 90 -1
78: 90 -1
2204: 90 -1
114: 90 1905 1754 -1
225: 2943 281 3291 90 2280 2896 1817 2331 2264 1900 196 661 1735 2251 3 1925 1754 2243 2316 3442 3342 2 1719 740 1756 -1
225: -1
2208: 82 2210 1153 1153 1153 82 2218 2219 1153 1153 1153 1153 1153 1153 1153 -1
183: 2207 2208 1153 82 82 2227 82 2229 82 82 82 82 -1
2210: 2207 2208 1153 82 82 2227 82 2229 82 82 82 82 -1
1153: 2207 2208 1153 82 82 2227 82 2229 82 82 82 82 -1
1153: 2207 2208 1153 82 82 2227 82 2229 82 82 82 82 -1
1153: 2207 2208 1153 82 82 2227 82 2229 82 82 82 82 -1
1153: 82 2210 1153 1153 1153 82 2218 2219 1153 1153 1153 1153 1153 1153 1153 -1
82: 82 2210 1153 1153 1153 82 2218 2219 1153 1153 1153 1153 1153 1153 1153 -1
23: 82 2210 1153 1153 1153 82 2218 2219 1153 1153 1153 1153 1153 1153 1153 -1
1153: 2207 2208 1153 82 82 2227 82 2229 82 82 82 82 -1
2218: 2207 2208 1153 82 82 2227 82 2229 82 82 82 82 -1
2219: 2207 2208 1153 82 82 2227 82 2229 82 82 82 82 -1
225: 2207 2208 1153 82 82 2227 82 2229 82 82 82 82 -1
1153: 2207 2208 1153 82 82 2227 82 2229 82 82 82 82 -1
1153: 2207 2208 1153 82 82 2227 82 2229 82 82 82 82 -1
1153: 2207 2208 1153 82 82 2227 82 2229 82 82 82 82 -1
1153: 2207 2208 1153 82 82 2227 82 2229 82 82 82 82 -1
1153: 2207 2208 1153 82 82 2227 82 2229 82 82 82 82 -1
1153: 2207 2208 1153 82 82 2227 82 2229 82 82 82 82 -1
80: 82 2210 1153 1153 82 2218 2219 1153 1153 1153 1153 1153 1153 1153 -1
80: 82 2210 1153 1153 82 2218 2219 1153 1153 1153 1153 1153 1153 1153 -1
1153: 82 2210 1153 1153 1153 82 2218 2219 1153 1153 1153 1153 1153 1153 1153 -1
80: 82 2210 1153 1153 82 2218 2219 1153 1153 1153 1153 1153 1153 1153 -1
80: -1
2210: 82 2210 1153 1153 1153 82 2218 2219 1153 1153 1153 1153 1153 1153 1153 -1
80: 82 2210 1153 1153 1153 82 2218 2219 1153 1153 1153 1153 1153 1153 1153 -1
80: 82 2210 1153 1153 1153 82 2218 2219 1153 1153 1153 1153 1153 1153 1153 -1
24: 82 2210 1153 1153 1153 82 2218 2219 1153 1153 1153 1153 1153 1153 1153 -1
80: 82 2210 1153 1153 1153 82 2218 2219 1153 1153 1153 1153 1153 1153 1153 -1
80: 82 2210 1153 1153 1153 82 2218 2219 1153 1153 1153 1153 1153 1153 1153 -1
82: 82 2210 1153 1153 1153 82 2218 2219 1153 1153 1153 1153 1153 1153 1153 -1
80: 82 2210 1153 1153 82 2218 2219 1153 1153 1153 1153 1153 1153 1153 -1
82: -1
2241: -1
2242: -1
2243: -1
80: -1
2245: -1
2246: -1
2247: -1
80: -1
2249: 2262 -1
24: -1
2251: -1
2252: 2340 -1
555: -1
1098: -1
2255: -1
2256: -1
2257: -1
80: -1
80: -1
80: -1
2261: 70 -1
2262: 2249 -1
80: -1
24: -1
2265: -1
80: -1
2267: -1
80: -1
2269: -1
567: -1
2271: 2340 -1
2272: -1
2273: -1
2274: -1
2275: -1
2243: -1
2277: -1
2278: -1
1139: -1
2280: -1
2281: -1
2273: -1
2: -1
2284: -1
114: -1
2286: -1
25: -1
2288: -1
150: -1
2290: -1
2257: 2340 -1
2292: -1
1153: -1
25: 453 -1
2295: -1
2296: -1
2297: -1
2298: -1
2299: -1
26: 2340 -1
2301: -1
2302: -1
2303: -1
122: 453 -1
114: -1
78: -1
2307: -1
2308: 758 -1
225: -1
225: -1
2142: 2400 -1
2312: -1
2313: -1
2314: -1
2315: -1
2316: -1
2142: -1
2318: -1
503: -1
2320: -1
2245: -1
2314: -1
2323: -1
2324: -1
114: -1
225: -1
2327: -1
2328: -1
225: -1
2330: 2365 -1
2331: 1717 -1
225: -1
2333: -1
2: -1
138: -1
112: -1
112: 112 -1
25: -1
2339: -1
2340: -1
2261: -1
2261: 96 1735 661 2885 3 740 -1
2261: 740 3437 96 -1
2261: 503 44 3437 96 -1
2261: 44 96 740 -1
2261: 96 969 -1
2261: 0 -1
2261: 158 -1
2261: 158 -1
138: 158 -1
2261: 158 -1
2261: 36 -1
2261: 36 -1
2261: 36 -1
2261: 36 -1
2261: 36 -1
2261: 36 -1
2327: 36 -1
2261: 36 -1
2261: 36 -1
2261: 126 127 127 127 223 494 3240 3244 -1
2261: 97 1565 -1
2261: -1
2261: 98 -1
211: -1
211: 2367 98 -1
211: -1
2332: -1
211: -1
2370: -1
211: -1
2372: -1
211: 2363 87 98 -1
211: -1
211: -1
2261: -1
211: -1
2378: 2366 2243 98 2367 396 1719 -1
211: -1
211: 2373 -1
211: 2373 -1
211: 2373 -1
211: 2831 2373 -1
211: 2373 -1
211: 2373 -1
211: 2373 -1
211: 2373 -1
211: 2373 -1
211: 2373 -1
211: -1
2261: -1
551: -1
114: -1
551: -1
2267: -1
2267: -1
551: -1
551: -1
2269: -1
2269: -1
2401: 100 -1
1266: 1735 100 -1
1266: 3 124 3429 2309 2311 733 1735 2859 704 2261 2885 3447 -1
2268: 667 1735 2831 -1
2268: 101 112 -1
2268: 101 112 2 -1
2268: 2243 1697 1712 102 635 1726 2409 2878 -1
2268: 102 -1
2266: -1
2410: 102 -1
2411: 758 102 1703 2409 -1
2267: 102 -1
2267: 102 -1
2267: 1748 635 102 2878 2409 -1
211: 102 -1
211: 2110 635 102 61 1820 2243 112 -1
2411: 102 -1
1273: -1
2268: 1273 -1
2268: -1
2268: -1
2267: -1
2268: -1
2268: -1
2268: -1
2267: -1
2266: -1
525: -1
2267: -1
525: 93 525 525 525 525 525 525 525 525 -1
93: 27 1489 2704 453 -1
2410: 106 2433 -1
2268: 106 13 -1
2268: 1754 106 281 -1
2268: 2433 13 -1
2267: 13 -1
2267: 666 106 -1
2269: 106 1754 -1
2266: 117 106 2831 2 -1
211: 106 -1
1281: 106 -1
2280: 106 3429 -1
2280: 1806 106 -1
2280: 106 -1
2445: 2 1754 3343 2701 106 281 1719 -1
20: 106 2892 2831 3343 2433 -1
213: 2243 53 1528 106 142 100 117 -1
213: 106 -1
213: -1
2268: 100 107 -1
2451: -1
95: -1
95: 3430 3412 3352 2 107 -1
213: 2926 666 1735 3 107 -1
213: 555 3383 3384 3 3386 107 745 661 3405 731 3418 3419 3427 3436 -1
2: -1
95: 107 3429 2943 112 -1
2266: 49 63 3363 107 -1
114: 107 -1
225: -1
95: 3429 2943 107 95 -1
112: 3429 2943 107 -1
142: 2339 695 107 733 745 1701 661 -1
2464: 2 107 2243 1330 1756 2704 -1
2465: 2339 695 107 2878 -1
2466: 3353 1330 1731 181 594 180 2133 685 2878 70 1489 2339 695 107 745 456 -1
1294: 2989 745 107 1094 1842 -1
2268: -1
2135: 107 -1
214: 2936 745 107 758 1733 3448 -1
214: 702 701 107 -1
214: -1
184: -1
2296: -1
215: -1
2280: -1
551: -1
2478: -1
2479: -1
216: -1
216: 758 37 -1
184: 184 551 551 551 551 2478 2479 2480 -1
37: -1
2484: 2420 37 -1
2485: 37 2484 -1
216: -1
302: -1
78: -1
2301: -1
216: -1
95: -1
302: -1
2268: -1
280: -1
22: -1
302: -1
302: -1
22: -1
302: -1
263: -1
302: -1
302: -1
302: -1
302: -1
216: -1
302: -1
302: -1
278: -1
680: -1
680: -1
1139: -1
1139: -1
2513: -1
49: 2 -1
211: 2 -1
211: 2 -1
1139: 2 25 1719 9 -1
211: -1
211: 2 -1
211: -1
211: 98 98 1311 -1
49: 2523 -1
211: 1311 -1
211: 2 98 98 1311 -1
211: 2523 1311 -1
211: 1311 -1
211: -1
211: -1
211: -1
211: -1
211: -1
680: -1
211: 149 -1
211: 113 1905 2282 -1
211: 113 -1
211: 113 -1
211: 113 -1
2538: 1712 113 -1
211: 2529 1814 113 149 2831 1725 2243 -1
211: 2831 1719 59 1900 2882 114 758 2269 867 -1
211: 100 2295 758 745 49 736 114 685 666 26 117 2 -1
211: -1
211: 3370 3333 3 2943 3348 63 666 394 49 3363 35 1923 49 867 114 658 2243 3350 1701 3410 2295 2711 49 -1
211: 1900 114 49 -1
211: 1717 88 45 49 1701 114 2252 1645 4 53 -1
211: -1
211: 1196 -1
217: 1196 -1
101: 102 102 2555 2556 2557 2 2558 2559 2560 1330 2562 2563 2564 1330 2569 1333 -1
211: -1
2322: 2557 102 2555 2559 -1
2322: 102 102 -1
102: 102 102 2555 2556 2557 2 2558 2559 2560 1330 2562 2563 2564 1330 2569 1333 -1
2322: -1
2322: 101 2556 2 2559 -1
2556: 101 2555 2558 2557 2559 2564 2 -1
2557: -1
211: -1
2142: -1
2560: -1
1330: -1
2562: -1
263: -1
2564: -1
225: -1
1330: -1
2567: -1
211: 1579 101 -1
2569: 2558 -1
1333: -1
1330: -1
2572: -1
225: -1
114: -1
1343: -1
211: -1
1343: -1
225: -1
2327: -1
1343: -1
1343: -1
225: -1
1343: -1
22: -1
214: -1
214: -1
1343: -1
1343: -1
1343: -1
221: -1
2557: -1
1343: -1
211: -1
1343: -1
1343: -1
1343: -1
1343: -1
1343: -1
1343: -1
1343: -1
1343: -1
263: -1
2312: -1
1343: -1
1343: -1
1343: -1
1343: -1
2608: -1
2: -1
1343: -1
1343: -1
138: -1
138: -1
1343: -1
22: -1
1343: -1
1343: -1
1343: -1
1343: -1
1344: -1
1344: -1
1343: -1
1344: -1
1344: -1
1344: -1
1344: -1
1344: -1
1344: -1
1344: -1
2312: -1
1344: -1
1343: -1
86: -1
1344: -1
1344: -1
1344: -1
1344: -1
1344: -1
1344: -1
1344: -1
1344: -1
2312: -1
1344: -1
1344: -1
1344: -1
1344: -1
224: -1
1344: -1
224: -1
1344: -1
551: -1
551: -1
1344: -1
1344: -1
494: -1
1344: -1
1344: -1
1344: -1
1344: -1
22: -1
1344: -1
1344: -1
1344: -1
22: -1
1344: -1
1344: -1
1344: -1
1344: -1
22: -1
1344: -1
1344: -1
114: -1
225: -1
225: -1
225: -1
1344: -1
225: -1
225: -1
551: 3429 1735 -1
22: -1
24: -1
225: -1
22: -1
2150: -1
1344: -1
2412: -1
1344: -1
278: -1
1344: -1
1344: -1
1344: -1
78: -1
1344: -1
249: 1766 2 2 3 1375 117 1718 702 -1
385: 117 -1
2696: 1373 2831 2450 2519 4 2987 2 1719 117 63 700 1754 2878 1704 666 702 1905 3348 -1
163: -1
2698: 163 -1
104: 49 4 758 661 112 3 -1
104: 118 -1
2701: 118 -1
2702: 1763 118 -1
2703: -1
2704: -1
2705: -1
2706: -1
300: -1
551: 2831 119 112 2 -1
25: 119 -1
2710: 119 -1
2711: -1
2712: 119 2831 -1
2: 119 -1
2714: -1
2715: 1900 2264 119 -1
2716: 867 1847 1719 1777 2 1088 1764 1754 740 1033 3348 119 1366 -1
2711: 1088 2875 853 2330 2831 1832 2278 758 26 2865 117 2989 1719 2932 2264 119 -1
2718: -1
1357: 675 780 780 1031 780 780 780 -1
63: 1372 -1
2721: 138 119 3443 2913 -1
2714: 2278 119 -1
2723: 2243 -1
2724: 1701 2714 119 2 -1
2725: 119 -1
2: 2892 281 2909 42 2264 2331 2330 1088 2714 2831 2 1719 119 3354 149 867 63 1754 2913 685 -1
2727: 2706 -1
249: 119 -1
2: 1719 -1
1098: 2875 119 -1
2731: 72 119 -1
2710: 119 845 2831 2295 142 63 1697 1719 1754 1810 2 -1
2733: 675 780 780 -1
63: 675 780 780 -1
63: 2450 70 700 2831 2943 294 2861 100 1719 0 3348 2987 3370 605 1754 396 117 3 2 2331 2 575 3429 740 2264 121 661 1735 2923 95 2243 1704 2295 2262 3291 2029 1717 2042 2991 1900 281 149 657 438 43 298 -1
762: 1369 1371 1371 -1
112: -1
2738: 1369 -1
1369: 2760 2746 762 2745 2765 2770 2768 2769 2755 1377 1377 1377 1371 2740 2741 2742 2743 2744 1378 108 1371 -1
2740: 1369 1371 2756 1371 1377 1371 1371 -1
25: 1369 1371 2756 1371 1377 1371 1371 -1
2742: 2746 2737 1369 2745 2755 2754 1371 2774 1371 1377 1377 1377 1377 1377 2756 1371 1377 1371 1371 1371 1369 -1
2: 1369 1371 -1
2744: 1369 1371 1377 1371 -1
2745: -1
2285: -1
1370: -1
525: -1
551: -1
63: -1
551: -1
2261: -1
2261: -1
2261: 1369 2756 1371 2761 2742 -1
2261: 1369 1371 2742 1377 1371 -1
2261: 2760 2746 762 2765 2755 2745 2770 2768 2769 1377 1377 1377 1371 2740 2741 2742 2743 2744 1378 108 1371 -1
230: 2746 2760 762 2755 2745 2765 2770 2768 2769 1377 1377 1377 1371 2740 2741 2742 2743 2744 1378 108 1371 -1
2727: 2760 2746 762 2755 2745 2765 2770 2768 2769 1377 1377 1377 1371 2740 2741 2742 2743 2744 1378 108 1371 -1
2302: 2746 2760 762 2765 551 2745 2770 2768 2769 2755 1377 1377 1377 1371 2740 2741 2742 2743 2744 1378 108 1371 -1
2760: -1
2761: 1371 762 -1
2762: -1
2763: 1371 762 -1
2764: 1371 762 -1
2765: 1369 1371 2774 1371 -1
2766: 1369 1371 2742 -1
230: 1369 1371 2761 2742 -1
374: 1369 1371 2774 1371 -1
230: 1369 -1
230: 1369 1371 1371 -1
1378: 1369 1371 1371 2756 1371 1377 1371 -1
108: 1369 1371 2756 1371 1377 1371 1371 -1
2773: 1369 1371 1371 -1
2774: 2760 2746 762 2770 2754 2745 2765 2768 2769 2755 1377 1377 1377 1371 2740 2741 2742 2743 2744 1378 108 1371 -1
1371: -1
2: -1
1377: -1
1377: -1
1377: -1
1377: -1
2374: 2746 2760 762 2740 2741 2742 2744 2743 1378 -1
2773: 2746 2760 762 2745 2765 2770 2768 2769 2755 1377 1377 1377 1371 2740 2741 2742 2743 2744 1378 108 1371 -1
1371: 762 2746 2740 2741 2742 2743 2744 2745 1378 2760 2765 2770 2768 2769 2755 1377 1377 1377 1371 108 1371 -1
225: -1
1370: 1369 -1
1369: 1369 -1
1369: 1369 -1
1369: 1369 -1
1369: -1
1370: 1369 -1
230: 1369 -1
1369: 1369 -1
2725: 1369 525 551 551 1371 1371 2756 1377 1371 1371 -1
2142: 1369 525 551 551 1371 2756 1371 1377 1371 1371 -1
108: 1369 525 551 551 551 1371 2764 2756 1371 1377 1371 1371 -1
108: 1369 525 551 551 551 1371 2761 2756 1371 1377 1371 1371 -1
263: 1369 525 551 551 1371 2756 1371 1377 1371 1371 -1
108: 1369 525 551 551 551 551 1371 2756 1371 1377 1371 1371 -1
232: 1369 525 551 551 1371 2756 1371 1377 1371 1371 -1
232: -1
232: 123 1735 3348 2831 112 -1
232: 123 -1
232: 123 2831 3348 1735 2801 1030 3003 -1
232: 123 294 3419 -1
232: 1754 123 59 1900 1719 2987 2243 867 -1
2312: 2986 2943 867 1717 123 2264 1721 298 2262 -1
232: 675 780 780 -1
232: 2861 2885 149 123 700 -1
232: 123 -1
232: 675 780 780 -1
232: 1754 1719 867 2264 53 2243 45 123 2331 2831 -1
232: 1900 2875 123 -1
232: 3 -1
232: 2885 -1
63: 124 70 2943 3 740 3437 100 2885 3429 666 710 700 3377 2309 1763 2711 1735 661 3016 3348 63 298 2 2861 704 2985 2278 2295 2273 2912 -1
232: 2703 -1
232: -1
232: -1
232: -1
232: -1
232: -1
232: -1
2823: -1
2824: -1
2142: -1
232: -1
232: -1
232: -1
232: -1
232: -1
232: 1900 -1
232: -1
232: -1
232: -1
232: 2340 -1
232: -1
232: -1
232: -1
232: -1
232: -1
232: -1
232: 453 -1
232: -1
232: -1
122: -1
2846: -1
2847: -1
2848: -1
114: -1
232: -1
2851: 1900 2850 2849 -1
111: -1
2853: -1
2854: -1
2855: -1
2856: -1
2857: -1
232: -1
2859: -1
2860: -1
2861: -1
234: -1
22: -1
2864: -1
2865: -1
2866: -1
2867: -1
232: -1
2869: -1
2870: -1
2871: -1
2872: -1
98: -1
98: -1
98: -1
232: -1
98: -1
98: -1
98: -1
98: -1
98: -1
98: -1
98: -1
98: -1
98: -1
98: -1
98: -1
98: -1
98: -1
98: -1
2857: -1
98: -1
2142: -1
98: -1
98: -1
98: -1
98: 2340 -1
98: -1
98: -1
98: -1
98: -1
98: -1
98: -1
98: -1
98: -1
98: -1
98: -1
98: -1
98: -1
98: -1
98: 453 -1
98: -1
98: -1
98: -1
98: -1
98: -1
98: 12 -1
98: -1
98: -1
98: -1
98: -1
98: -1
98: -1
98: -1
98: -1
98: -1
98: -1
98: -1
98: -1
98: -1
98: -1
98: -1
98: -1
98: -1
98: -1
98: -1
98: -1
98: -1
98: -1
98: -1
98: -1
98: -1
98: -1
98: -1
98: -1
98: -1
98: -1
98: -1
98: -1
98: -1
98: -1
98: -1
235: -1
2954: -1
2955: -1
1311: -1
1311: -1
98: -1
2959: -1
874: -1
2961: 453 -1
2962: -1
2: -1
2964: -1
2965: 1719 -1
2966: -1
2967: -1
98: -1
2969: -1
2970: -1
1528: -1
236: -1
236: -1
236: -1
236: -1
98: -1
236: -1
22: -1
2: -1
2980: -1
236: -1
236: -1
236: -1
236: -1
236: -1
2986: -1
2987: -1
1139: -1
2480: -1
2990: -1
1311: -1
236: -1
98: -1
114: -1
2995: -1
2996: -1
1139: -1
2998: 3004 366 1920 -1
236: -1
3000: -1
3001: -1
1030: -1
3003: -1
3004: 2996 2997 2998 396 3000 3001 1030 3003 -1
112: 1568 -1
3006: 1568 3370 3021 3016 3020 298 3017 666 3024 3116 100 2885 2264 740 2 2943 3348 2309 -1
1568: 1568 -1
1568: 1568 -1
1568: -1
1568: 1568 3016 3429 -1
1568: 1568 740 3021 3022 3023 3018 3024 3025 661 3017 1579 658 -1
1568: -1
3013: -1
3014: -1
3015: -1
3016: -1
1568: 453 567 -1
3018: -1
3019: -1
3020: -1
3021: 453 567 -1
3014: -1
3023: -1
3024: -1
3025: 3370 -1
1579: 3116 -1
1579: -1
3028: -1
1579: -1
3030: -1
3031: -1
1568: 648 -1
3033: 3029 -1
3034: 115 -1
115: 115 -1
115: -1
3037: -1
3038: 3037 -1
117: 3037 -1
117: -1
3041: 3037 -1
117: -1
3043: -1
721: 3045 133 3047 3048 -1
3045: 721 3048 -1
3046: 3045 133 -1
3047: 721 3048 -1
3048: 721 3045 133 3046 -1
3049: -1
115: -1
525: -1
525: -1
525: -1
525: -1
525: -1
525: -1
525: -1
1579: -1
525: -1
525: -1
525: -1
525: -1
525: -1
525: -1
525: -1
525: -1
525: 3045 133 3047 3048 -1
3032: 3045 133 3047 3048 -1
1593: 3045 133 3047 3048 -1
1593: 3045 133 3047 3048 -1
1593: 3045 133 3047 3048 -1
1593: 3045 133 -1
1595: 3047 133 3045 3048 -1
3074: 721 3048 -1
1594: 3047 133 3045 3048 -1
3043: 3045 133 3047 3048 -1
1593: 3045 133 3047 3048 -1
1593: 3045 133 3047 3048 -1
1593: 3045 133 3047 3048 -1
1593: 721 3048 -1
1594: 721 3048 -1
1595: 721 3048 -1
1594: 721 3048 -1
1594: 721 3048 -1
1594: 721 3048 -1
1594: 721 3048 -1
1594: 721 3048 -1
1594: 721 3048 -1
1594: 721 3048 -1
1594: 3045 133 3047 3048 -1
525: 3045 133 3047 3048 -1
1593: 3045 133 3047 3048 -1
3025: 3047 133 3045 3048 -1
1598: 3045 133 -1
3095: 3045 133 3047 3048 -1
1593: 3045 133 3047 3048 -1
1593: 3045 133 3047 3048 -1
1593: 3047 133 3045 3048 -1
1598: 3047 133 3045 3048 -1
1598: 3047 133 3045 3048 -1
1598: 721 3048 -1
1594: 721 3048 -1
1594: 721 3048 -1
1594: 721 3048 -1
313: 721 3048 -1
1594: 721 3048 -1
1594: 721 3048 -1
337: 3047 133 3045 3048 -1
1598: 3045 133 -1
1595: 3045 133 3047 3048 -1
32: -1
3112: -1
1600: -1
3114: 567 -1
120: -1
3116: -1
32: -1
1562: -1
1563: 4 1701 847 49 107 36 -1
396: 4 1701 1645 16 -1
1564: -1
3114: -1
1030: 112 -1
25: 2264 2850 1900 294 3443 1814 149 2824 2987 136 -1
2: 503 2264 136 -1
3126: 2 867 2243 281 2843 1900 1754 3161 136 -1
3127: 3161 2 2883 136 -1
3128: 2848 867 2243 149 2824 136 -1
3126: 2851 2264 3161 136 -1
3130: 136 2850 -1
3131: 1053 1719 2243 3161 294 2264 867 -1
1595: 0 2824 136 3161 -1
3133: 581 2831 2243 1900 294 1053 3161 25 1754 63 1719 867 136 2 2281 2885 -1
3134: 258 867 2987 136 2243 -1
3112: 136 -1
2: 1361 2831 63 136 -1
3137: 136 3161 -1
3138: 1814 740 39 2264 117 2331 1842 2986 2946 136 2291 0 2831 3267 -1
3139: 2831 281 2848 867 122 2331 2824 294 2264 1900 136 1030 3003 -1
112: 739 136 281 -1
3141: 1731 136 -1
3142: 675 780 780 -1
63: 2831 2243 1361 1900 867 1717 657 -1
3144: 136 1489 -1
122: 158 -1
3146: 867 136 685 -1
3147: 3161 136 -1
2: 149 -1
3149: 1719 867 25 294 136 2 2243 3260 869 1900 2831 2264 1754 658 2987 117 685 63 -1
3112: 136 2824 2243 1719 -1
3151: 3161 149 1719 2824 136 294 -1
30: 136 -1
3153: 2848 2243 136 -1
2: 136 -1
2: 136 149 2824 -1
2: 2827 867 2329 39 1719 1754 136 1721 685 2831 -1
2: 136 3142 1721 2824 -1
3127: 136 -1
3159: 136 3161 2848 3 63 -1
11: 136 -1
3161: 136 -1
3162: 2264 136 2848 -1
3163: 1754 1814 1717 1088 136 3161 2831 2264 1719 2909 2243 2711 294 -1
3141: 136 158 1645 2 -1
3141: 136 3 2 -1
3166: 2848 136 3161 -1
3167: 1900 -1
3132: -1
3169: 27 -1
3139: 3168 1754 -1
122: -1
3172: 3168 137 1252 1030 3003 -1
112: 3168 137 -1
142: 137 -1
1252: 137 3168 112 -1
63: 675 780 780 1031 780 780 780 -1
32: -1
3178: -1
1645: -1
3180: 138 -1
1645: 138 -1
112: 138 -1
1645: -1
3184: -1
3158: 139 -1
3158: 1735 139 3393 1645 -1
240: 438 139 1814 2243 2760 2331 -1
3188: 139 2264 2243 867 2878 1823 1900 1719 -1
3156: 171 2760 2331 9 139 1645 1739 -1
3156: 2243 3184 139 -1
2: 1814 438 139 -1
3192: 2918 140 2831 1363 112 2 -1
2: 1712 140 1720 112 -1
25: 140 -1
2: 1363 2918 140 3192 1030 3003 -1
112: 140 78 1193 125 2243 -1
3158: 140 1829 1817 -1
3198: 140 2987 125 2 -1
3199: 140 2243 -1
3200: 453 -1
3167: 453 -1
125: 1846 1781 1805 1774 61 329 1770 61 49 140 1766 1814 2 149 1721 731 140 63 -1
623: 2831 1363 140 2918 -1
142: 453 -1
3112: -1
112: 1657 141 1658 -1
112: -1
3208: -1
336: -1
3210: -1
3211: -1
300: -1
300: -1
1253: -1
582: 467 141 -1
33: 453 -1
3211: 1899 1910 1905 1712 141 2264 1814 685 2282 1704 -1
3218: 740 1719 2861 141 3208 661 281 1735 2943 612 -1
234: 141 -1
112: 141 -1
3221: 2 -1
1253: -1
126: 63 281 141 112 1658 1657 -1
1658: -1
126: 3207 -1
126: 141 3207 -1
124: 141 1905 -1
1645: 141 1030 3003 -1
126: -1
1645: 117 -1
1645: -1
3210: -1
1645: -1
1645: -1
34: 2331 142 -1
1645: 12 11 142 1003 -1
1645: 142 -1
2: 2831 142 -1
1645: 12 733 142 -1
3240: -1
127: 869 3436 -1
3242: 142 -1
3243: 1900 142 -1
1645: -1
127: 142 740 1030 3003 -1
112: 1734 49 -1
494: 685 2 -1
1645: -1
127: 3448 142 1163 1754 2885 2704 -1
34: 142 1766 3349 2274 -1
3251: 49 142 -1
494: -1
127: 27 2 -1
3254: 1905 1727 258 149 1900 1712 11 142 1719 -1
3255: 3256 3257 3258 3259 3260 3261 -1
3256: 392 -1
3257: 11 392 -1
124: 3259 -1
2: 392 11 3258 3257 3256 -1
1645: -1
3261: -1
3262: 3255 3259 3261 -1
1645: 3255 3259 3261 -1
34: -1
129: -1
1645: -1
3267: -1
1645: -1
3269: -1
3270: 128 -1
3271: -1
3272: -1
1692: 453 -1
3274: 453 -1
3275: 593 2329 1701 145 3328 745 758 710 1814 1372 385 5 -1
3243: 3372 49 3350 3383 3371 70 1905 742 145 -1
3277: 3336 281 49 3351 3365 2 3389 3350 3394 3430 3436 3433 3442 593 145 736 2243 -1
3278: 3339 49 3396 1704 3 3430 3370 593 145 2243 3420 3428 667 -1
3156: 867 1780 2295 2243 145 -1
3280: 3396 970 3418 3430 2 112 1717 2243 49 758 3360 -1
130: 567 -1
1692: -1
1565: 3284 -1
3284: 146 -1
3112: 146 3291 453 -1
2: 146 -1
35: 146 -1
1702: 146 -1
3289: 146 2376 -1
3290: 146 -1
3257: 3285 146 -1
3292: 2365 146 -1
126: 146 2896 -1
35: 146 -1
3295: 146 -1
1702: 146 -1
1702: 146 -1
3298: 146 -1
3299: 146 -1
36: 146 -1
3301: 146 -1
3302: 146 -1
3303: 3429 2987 146 -1
3304: 9 146 2831 -1
3112: 146 -1
125: 146 -1
1702: 146 -1
3308: 867 3411 2945 1900 146 2 -1
112: 146 2885 -1
112: 1719 1735 146 2264 -1
3142: 146 298 1900 -1
3312: 27 146 2987 2 1901 0 117 281 869 181 2831 2331 39 1754 1330 63 2 575 2262 1900 1814 1719 1717 2264 525 438 594 718 -1
3313: 146 -1
1702: 146 -1
1702: 146 -1
3316: 146 -1
3142: 146 1754 39 1489 2243 2831 1735 3354 441 1900 49 -1
3318: 146 -1
1719: 146 3429 3020 -1
3320: 146 -1
127: 146 -1
1702: 867 146 1900 -1
3323: 146 -1
3324: 146 -1
3112: 146 -1
325: 146 -1
1702: 27 1719 146 2875 2243 2 -1
3328: -1
325: -1
1733: -1
3331: -1
112: -1
3333: -1
492: 7 -1
112: -1
3336: -1
3337: -1
2: -1
3339: -1
3340: -1
3261: 2376 453 -1
3261: -1
3261: -1
3261: -1
3261: -1
3261: -1
3261: -1
3261: -1
3261: -1
112: 3424 2243 -1
3261: 281 3343 -1
3261: -1
3261: -1
3261: -1
3261: -1
3261: -1
3261: -1
1702: 3370 -1
3261: 2340 -1
3261: -1
3261: -1
3261: 49 -1
3261: -1
3261: -1
311: 3349 3332 3333 3352 453 -1
311: 949 3365 1719 -1
311: -1
3332: 3370 -1
311: -1
3370: -1
311: 1366 -1
3372: -1
311: -1
311: -1
311: -1
3261: -1
311: -1
3378: -1
311: -1
311: -1
311: 567 -1
311: -1
311: -1
311: -1
311: -1
311: -1
311: 181 -1
311: -1
311: -1
311: 567 -1
3261: -1
3392: 567 -1
3112: 567 -1
3394: -1
3267: -1
3267: -1
3397: -1
294: -1
3269: -1
3269: -1
294: -1
294: -1
294: -1
3268: 453 -1
3268: -1
3268: -1
3268: -1
3268: -1
3266: -1
3410: -1
3411: -1
3267: -1
3267: -1
3267: -1
311: -1
311: -1
3411: -1
3418: -1
3268: -1
3268: 2885 -1
3268: -1
3267: -1
3268: 2 -1
3268: -1
3268: -1
3267: -1
3266: -1
3428: -1
3267: -1
3430: -1
3431: -1
3410: 453 2340 -1
3268: -1
3268: -1
3268: -1
3267: -1
3267: -1
3269: -1
3266: -1
311: -1
122: -1
3280: -1
3280: -1
3280: -1
3445: -1
30: -1
313: -1
313: -1
313: -1
3268: 3449 -1
133: 1900 149 2885 1163 49 2243 112 -1
25: 62 3 1748 1814 1723 2331 662 1719 149 685 2243 3448 2281 122 2875 2479 2968 -1
140: 3448 1710 49 2989 52 378 83 -1
313: 149 49 1163 2243 2885 133 1030 3003 -1
313: 27 1489 1163 149 1900 2885 49 2243 112 -1
3456: 593 2912 1798 1805 1816 1823 1813 3 1796 61 1820 1831 78 140 667 1821 1806 1781 329 3377 1361 149 2 1822 1838 1849 1785 836 122 1774 2909 2295 1760 1792 49 1770 1764 1772 1686 61 1766 1769 1752 1875 49 1724 1733 3415 1746 3397 3363 2831 668 1839 2410 658 -1
3457: 685 149 2243 3354 -1
3266: 149 49 100 -1
3112: 3429 122 3418 1814 3444 3445 1323 1905 1906 1712 1910 666 3436 3442 1717 3383 3397 149 1735 612 1845 3 -1

