0: 37 -1
1: 154 84 -1
2: 168 -1
3: -1
4: 84 37 109 37 37 -1
5: -1
6: 229 -1
7: -1
8: -1
9: 164 197 198 -1
10: 170 204 170 204 170 204 170 204 170 204 170 204 170 204 170 204 170 204 170 204 170 204 170 204 170 -1
11: 182 264 206 -1
12: 0 31 31 47 0 84 84 84 84 84 154 -1
13: 282 283 21 -1
14: 0 47 -1
15: 227 -1
16: 6 231 -1
11: 264 206 -1
11: -1
17: 98 -1
17: -1
17: 199 -1
14: 0 47 -1
19: 345 346 347 348 -1
14: 349 -1
21: -1
14: 395 -1
21: 0 10 208 209 94 399 400 270 271 2 272 404 405 2 208 407 8 408 409 2 47 273 274 47 -1
14: 4 207 2 4 2 2 31 207 207 -1
14: -1
21: 41 157 177 419 420 268 422 423 424 425 426 427 276 429 178 279 432 433 434 229 435 10 436 437 209 439 440 218 442 443 444 219 0 447 448 449 41 183 166 450 282 283 21 454 455 208 57 286 287 287 459 29 460 1 288 47 289 157 291 -1
14: 292 -1
10: 293 170 204 170 204 -1
29: -1
21: 21 5 183 468 469 470 471 -1
31: 229 -1
10: 31 -1
29: 41 10 142 157 186 109 314 47 505 315 316 508 317 243 511 512 319 17 320 515 -1
21: -1
31: 524 11 11 11 11 11 11 11 11 11 11 11 11 11 11 11 11 11 11 11 11 11 11 11 11 11 11 11 11 11 11 11 11 11 11 11 11 11 11 11 11 11 11 11 11 11 11 11 11 11 11 11 11 11 11 11 11 11 11 11 11 11 11 11 11 11 11 11 11 11 11 11 11 11 11 11 11 11 11 11 11 -1
10: 31 526 11 11 11 11 528 157 529 530 531 532 533 534 535 536 537 -1
29: 29 -1
25: -1
31: 12 203 -1
10: 47 -1
41: 21 -1
25: -1
31: 58 -1
10: 390 391 -1
41: -1
31: 11 407 11 11 11 11 11 11 11 11 11 11 11 11 11 11 11 11 11 11 11 11 11 11 11 11 11 11 11 11 11 11 11 11 11 11 11 11 11 11 11 11 11 11 11 11 11 11 11 11 11 11 11 11 11 11 11 11 11 11 11 11 11 11 11 11 11 11 11 11 11 11 11 11 11 11 11 11 -1
25: 25 -1
31: -1
40: 682 21 -1
41: -1
50: 31 423 424 425 426 427 428 429 430 431 -1
51: -1
31: 64 442 6 11 443 11 443 11 11 11 443 11 443 11 11 443 443 11 722 219 446 447 449 728 729 450 451 283 284 454 455 737 285 457 287 741 -1
21: 21 -1
40: 41 -1
41: 483 183 484 183 484 183 484 183 484 183 484 183 484 183 484 183 484 183 484 183 484 183 484 183 484 183 484 183 484 183 484 183 484 183 484 183 484 183 484 183 484 183 484 183 484 183 484 183 484 183 484 183 484 183 484 183 484 183 484 183 484 183 484 183 484 183 484 41 41 -1
50: 797 498 498 498 498 498 498 498 498 498 11 498 498 498 -1
51: 395 50 800 801 -1
31: -1
58: -1
40: -1
41: 21 -1
50: 29 50 32 50 837 838 2 839 182 840 41 7 841 842 843 844 142 502 186 314 849 850 506 268 316 508 509 318 511 512 513 207 514 515 516 862 863 517 518 519 520 868 522 523 288 25 524 11 873 11 11 47 31 875 876 877 878 879 880 881 882 384 883 11 885 886 887 888 889 890 891 892 893 894 895 896 897 898 899 900 901 902 11 904 905 11 906 907 908 909 910 911 2 11 913 914 915 2 916 917 918 919 920 2 921 922 923 924 925 926 2 927 11 928 29 929 930 2 2 931 932 933 934 935 936 937 938 939 940 94 941 942 943 944 945 946 947 384 948 11 950 951 952 50 953 526 11 956 957 958 528 2 960 407 529 530 531 532 533 534 0 535 536 537 538 409 539 972 973 974 975 976 10 2 2 540 41 41 541 2 981 982 983 41 984 41 11 2 2 2 985 2 542 543 988 989 544 991 10 992 993 994 545 2 546 997 547 999 2 2 -1
10: 31 -1
51: 10 1002 10 1004 2 142 2 268 516 1005 31 1006 549 550 1009 1010 1011 322 29 1013 1014 1015 264 1016 29 10 2 41 373 1017 1018 2 1019 2 1020 1021 1022 1023 11 1024 1025 1026 1027 1028 10 1029 316 25 -1
47: 21 183 484 25 183 552 183 484 183 -1
58: 183 -1
40: -1
66: -1
55: 47 -1
10: 10 -1
31: 10 344 584 585 344 -1
51: 1079 -1
47: 51 47 519 1082 81 588 589 590 1086 591 349 350 47 351 -1
58: 58 199 391 596 -1
48: 47 -1
66: 66 -1
66: 66 -1
74: 65 1005 -1
68: 626 -1
31: 37 -1
77: -1
47: -1
58: 41 47 -1
48: 633 383 634 383 -1
81: -1
31: -1
66: 66 237 630 237 630 66 1154 1155 237 630 237 630 237 630 237 66 -1
21: 66 642 16 1160 643 1162 265 1164 94 1165 1166 1167 17 1168 316 15 1169 1170 246 358 1171 1172 1173 1174 1175 1176 1177 47 1178 645 207 1181 647 395 649 650 199 1186 651 652 1189 1190 1191 655 656 347 1194 400 270 1197 660 403 404 1201 663 31 664 665 1205 1206 1207 1208 1209 1210 1211 1212 1213 1214 1215 1216 29 1217 1218 1219 1220 21 1221 1222 1223 1224 1225 1226 1227 1228 1229 1230 186 1231 154 1232 1233 1234 1235 1236 47 1237 1238 1239 1240 1241 1242 1243 47 2 47 47 -1
74: 1244 -1
84: 1245 -1
31: 1246 -1
77: 10 -1
47: 1250 1251 11 11 1254 1255 1256 1257 1258 1259 1260 11 11 1262 207 -1
58: 47 11 246 246 246 246 246 246 246 246 -1
65: 1265 -1
81: -1
91: -1
92: 408 -1
21: 21 11 11 11 11 11 11 11 11 -1
13: -1
94: 13 1277 -1
84: 1287 -1
29: 1298 37 246 246 246 246 1299 1300 1301 -1
85: 29 1303 -1
77: 183 1305 2 2 2 1306 1307 -1
2: 2 -1
47: 2 47 47 25 -1
64: 1313 411 1315 1316 1317 -1
65: -1
81: 270 -1
91: 91 91 1331 678 2 2 679 1335 681 93 682 683 1339 1340 93 1341 93 1342 2 -1
2: 93 686 686 686 686 686 686 686 686 686 686 686 686 686 686 686 686 686 686 686 686 686 686 686 686 686 686 686 686 686 686 686 686 686 686 686 686 2 686 686 686 686 686 686 686 686 686 686 686 2 2 2 2 2 2 2 2 2 2 2 2 2 2 2 2 2 2 2 2 2 2 2 2 2 2 2 2 2 2 2 2 2 2 2 2 2 2 2 2 2 2 2 2 2 2 2 2 2 2 2 2 2 2 2 2 2 2 2 2 2 2 2 2 2 2 2 2 2 2 2 2 2 2 -1
103: 57 -1
93: 1350 1351 643 1352 6 -1
93: -1
94: -1
65: 422 37 11 246 246 246 246 709 47 47 47 1382 1383 1384 713 1393 428 47 47 -1
84: 29 199 -1
29: -1
109: 1402 443 443 443 443 443 520 1404 1405 1406 64 1407 1408 1409 1410 1411 1412 1413 1414 722 445 643 29 724 650 0 2 1241 447 726 727 728 422 729 730 450 29 732 452 284 735 455 -1
77: 2 2 738 457 458 17 741 1435 1436 1437 1438 1439 1440 748 1442 1443 1444 752 1446 1447 1448 1449 1450 5 759 760 469 1455 470 1457 1458 1459 1460 1461 763 1463 1464 472 1466 765 1468 1469 1470 1471 1472 769 1474 1475 772 773 1478 360 774 1480 1481 47 31 169 11 1482 1483 776 1485 1486 1487 265 450 1488 2 481 778 779 484 1493 1494 1495 1496 1497 1498 47 1499 1500 1501 1502 676 259 1503 1504 1505 1506 1507 1508 1509 1510 1511 1512 1513 1514 1515 1516 1517 1518 1519 1520 1521 1522 1523 1524 1525 1526 1527 183 1529 1530 1531 2 1532 1533 1241 1534 1535 1536 1537 1538 183 1539 1540 1541 1542 183 1543 1544 2 1545 1546 1547 1548 1549 1550 93 1551 1552 1553 1554 1555 1556 1557 1558 517 207 1559 1560 1561 781 41 207 41 782 21 25 783 -1
109: 47 487 785 487 785 487 785 487 786 787 788 789 306 1574 1575 65 1576 287 1577 1578 791 792 793 791 -1
77: 481 1582 794 1584 1585 1586 1587 -1
77: 81 -1
109: 496 -1
65: 103 496 -1
77: 103 -1
90: 1592 443 54 1596 796 11 11 11 11 11 11 11 11 11 11 11 11 11 11 11 11 11 -1
109: 41 41 54 -1
47: 10 8 2 404 270 94 208 400 399 405 409 274 407 408 271 94 2 208 47 209 1602 273 0 272 1603 781 41 207 41 782 25 30 783 -1
94: -1
13: 816 1642 29 -1
84: 31 819 -1
47: 819 -1
77: -1
13: 829 5 108 1659 1660 1661 10 6 6 11 21 -1
95: -1
103: 1678 1682 1684 -1
109: 90 837 838 1688 839 1690 -1
37: 1691 7 -1
109: 91 848 849 -1
37: 878 879 879 880 -1
90: 881 47 882 306 93 1737 883 2 11 885 11 886 887 888 889 890 891 892 893 894 1750 896 897 1753 899 384 1755 901 57 902 41 903 904 91 905 1761 906 907 186 908 909 910 1767 1768 41 912 41 913 914 3 915 529 880 1773 916 11 917 246 1776 919 29 920 1779 2 921 922 923 924 1784 926 1786 927 1788 5 5 5 5 5 5 4 520 288 928 1790 1791 930 1793 209 1794 5 931 103 932 933 934 935 439 1800 937 938 1803 940 941 942 943 1808 47 1809 946 1811 1812 948 11 1815 110 951 952 1818 47 1819 953 954 11 29 956 957 1825 2 1826 1827 960 529 1830 -1
109: -1
47: -1
47: -1
0: -1
94: 342 -1
94: 349 -1
94: -1
94: -1
94: -1
109: -1
94: 186 -1
31: -1
31: 25 270 919 469 31 932 408 1552 349 450 520 243 1505 29 10 517 470 287 31 21 529 -1
94: 3 838 878 513 31 426 2 -1
57: 306 -1
13: 306 -1
13: 306 -1
2: 8 2 404 270 94 208 405 274 407 408 271 94 2 47 209 400 208 2 273 0 272 -1
110: 355 0 25 952 773 41 41 5 520 1106 10 1413 873 -1
77: 1413 426 203 384 519 207 351 64 47 31 -1
94: 31 -1
47: 11 169 12 207 288 5 11 517 351 873 41 31 894 11 -1
119: 520 31 946 881 517 31 -1
115: 0 4 186 -1
95: 0 -1
37: 643 0 2 -1
103: 31 -1
103: 0 849 -1
2: 2 952 21 40 472 31 207 -1
37: 395 5 1006 25 12 773 268 946 1552 10 11 424 31 1025 633 265 14 934 1023 520 103 517 29 655 -1
119: 31 -1
91: -1
31: -1
95: 983 816 1 -1
98: 1 -1
31: 919 1 1239 -1
13: 868 3 13 1 2 899 261 13 47 409 1552 838 686 914 422 288 10 5 511 877 186 16 849 65 1220 41 5 651 2 -1
13: 1 3 -1
37: 1 203 41 1482 901 931 2 -1
115: 849 103 168 166 455 4 1439 5 229 154 3 1 -1
131: 983 1 -1
131: 1 -1
94: 1 -1
115: 1 -1
109: 1 -1
147: 10 268 1 -1
115: 186 17 849 84 4 166 41 58 1239 31 1220 819 5 1504 31 655 16 1 -1
115: 1 -1
13: 1 919 -1
37: 316 1 516 -1
115: 186 1 -1
131: 1 -1
110: 1 -1
103: -1
156: 849 103 2 166 455 4 1439 5 229 154 3 283 288 274 1413 47 316 686 588 157 512 -1
147: 207 31 4 2 3 157 1512 -1
47: 2 21 25 783 -1
21: 1106 169 519 2 47 -1
21: 2 47 -1
119: 899 889 207 1460 84 519 2 4 186 5 819 881 422 3 31 1768 40 157 512 1512 283 288 47 316 916 10 -1
10: 914 937 47 183 1549 1550 57 907 873 316 1009 29 37 1244 13 1474 7 409 1413 2 1439 13 6 1512 537 -1
148: 927 10 788 1227 1819 103 272 287 3 65 -1
166: 910 3 1439 10 -1
174: 881 1550 422 3 -1
168: 3 -1
57: 10 3 -1
177: 3 1512 2 440 1576 -1
3: 427 -1
166: 287 901 643 288 3 183 65 450 -1
173: 1819 287 3 272 1439 270 881 1463 1550 1208 1811 154 47 868 229 -1
119: 3 65 -1
21: 3 1208 881 47 -1
119: 3 -1
57: 21 183 484 -1
115: 4 37 -1
176: 84 37 109 37 37 -1
31: -1
13: -1
13: -1
98: 84 37 37 37 -1
13: 84 37 37 37 -1
98: 84 37 37 37 -1
98: 84 37 37 37 -1
148: 84 37 37 -1
98: 84 37 37 37 -1
98: 84 37 37 37 -1
4: 84 37 37 37 -1
98: 84 37 37 37 -1
98: 84 37 109 37 37 -1
156: 909 10 1005 11 4 -1
115: 4 37 -1
148: 4 12 10 -1
229: 12 11 4 -1
177: 12 4 -1
231: 41 31 314 47 511 4 207 1310 154 186 12 -1
98: 84 37 109 37 37 -1
119: 916 41 4 901 -1
177: 5 47 4 -1
231: 16 4 -1
115: 4 37 -1
119: 31 4 -1
4: 4 -1
177: 520 877 4 -1
109: 4 -1
187: 519 1413 899 1512 207 274 40 4 1753 881 -1
115: 11 5 47 4 460 -1
250: 633 41 901 4 -1
119: 4 272 876 400 6 41 849 166 938 -1
177: 41 4 -1
13: 2 4 -1
115: 4 -1
98: 84 37 37 37 -1
147: 40 4 -1
95: 4 -1
115: 4 37 -1
4: 84 37 37 37 -1
187: 64 1602 899 1 31 94 816 1005 960 4 272 207 876 983 10 -1
98: 84 37 -1
200: 29 1776 907 4 31 14 881 219 5 47 1221 1208 41 -1
98: 4 -1
205: 4 -1
110: 41 4 470 -1
203: 1512 896 4 288 889 157 424 -1
187: 4 12 5 -1
174: 426 2 1006 952 516 520 4 -1
207: 2 4 -1
148: 1262 103 9 207 423 5 4 1554 940 729 643 -1
231: 4 37 -1
205: 4 -1
110: 4 10 -1
131: 93 4 -1
206: 519 207 218 1350 9 154 517 31 2 481 4 10 47 1245 -1
174: 1552 47 351 -1
174: 14 5 41 41 186 957 919 5 65 91 470 47 -1
29: 2 51 2 879 31 952 47 1413 520 1552 773 41 5 12 41 1190 1006 643 472 58 103 1553 5 -1
177: 109 5 1025 29 -1
47: 470 91 919 957 65 14 41 41 5 186 5 21 25 783 -1
3: 0 66 41 1006 207 198 5 1025 29 169 109 520 1023 5 1554 21 1026 643 881 1512 31 1737 1811 957 1486 47 103 84 760 1457 186 288 41 1170 407 186 3 29 91 1482 -1
5: -1
173: 207 94 946 41 633 191 5 31 -1
157: 5 31 2 207 -1
119: 457 5 878 14 517 952 1006 207 5 47 207 5 16 1178 511 948 186 602 1205 1160 1220 1170 819 -1
177: 16 207 25 519 41 633 1181 5 1209 41 1025 1222 1811 1585 110 47 517 -1
168: 511 25 1116 14 186 1552 41 1191 1170 41 819 16 650 198 741 1435 517 154 40 1753 1457 952 765 1481 47 1516 1024 1504 1537 773 1560 11 274 633 5 31 -1
31: 5 40 -1
5: -1
218: 1116 920 921 2 31 1197 760 58 952 773 1191 1222 1006 1240 472 47 937 400 481 643 1532 58 1540 1238 1826 656 270 529 5 -1
231: 5 1165 -1
21: 186 1191 1240 1201 265 47 5 -1
229: 6 231 686 -1
173: 897 3 1512 789 65 407 881 316 550 429 208 287 1811 419 10 882 908 1576 588 57 47 422 901 157 819 -1
6: 229 -1
231: -1
148: 1463 3 422 6 -1
229: 1576 272 1512 519 287 1463 -1
156: 50 897 407 84 3 268 1463 2 287 2 892 1811 1289 910 218 1512 272 881 789 65 788 1439 186 882 819 316 422 899 588 670 270 393 208 11 890 893 885 897 1006 429 524 6 154 84 283 166 -1
47: 65 1439 306 519 407 6 1811 1463 21 25 783 -1
95: 6 -1
231: 183 57 455 10 6 -1
148: 6 -1
21: 41 6 519 407 878 2 1413 47 2 -1
21: 519 6 1439 407 1463 306 1811 65 47 -1
95: 65 1439 306 519 407 6 1811 1463 -1
229: 157 901 907 419 1512 6 10 -1
174: 3 426 1413 6 2 -1
231: 3 1811 1512 208 881 270 6 882 885 -1
210: 899 1512 6 881 422 519 -1
241: 6 -1
95: 407 65 422 881 6 -1
142: 6 -1
231: 191 7 351 1350 -1
231: 7 -1
119: 7 -1
231: 1381 443 429 7 -1
319: 7 -1
174: 429 643 1381 191 7 -1
47: 103 4 7 519 21 25 783 -1
21: 7 103 519 47 -1
231: 21 -1
187: 191 7 -1
21: -1
109: -1
187: -1
21: 16 1167 919 14 1811 47 1172 9 960 -1
251: 773 5 9 207 -1
231: 9 -1
77: 4 5 889 9 -1
310: 4 40 1170 643 41 1191 9 952 31 1006 12 5 -1
250: 29 868 1460 4 31 84 5 47 516 9 529 470 -1
231: 40 517 748 51 41 11 1006 946 952 5 203 14 5 9 1160 1181 1167 1191 519 -1
187: 40 5 186 109 1116 849 9 16 660 14 1172 1174 265 1191 1181 1167 1233 1220 47 41 1190 270 520 1160 1178 198 773 952 1540 51 -1
147: -1
147: -1
147: -1
147: -1
147: -1
147: -1
147: -1
147: -1
147: -1
147: -1
77: -1
147: -1
147: -1
147: -1
147: -1
147: -1
147: -1
147: -1
231: -1
147: -1
147: -1
147: -1
147: -1
147: -1
147: -1
11: 264 206 -1
11: 264 206 -1
11: 264 206 -1
310: 206 -1
11: 264 206 -1
347: -1
11: 182 206 -1
177: -1
11: 10 206 -1
11: 264 206 -1
11: 264 206 -1
147: 264 206 -1
11: 206 -1
156: -1
11: 206 -1
11: 264 206 -1
11: 206 -1
11: 206 -1
11: 206 -1
11: 206 -1
11: 206 -1
11: 206 -1
11: 206 -1
11: 206 -1
11: 206 -1
11: 264 206 -1
147: 206 -1
187: 11 1681 1680 1679 1682 -1
47: 11 -1
200: 11 206 84 1683 -1
200: 11 206 84 1683 -1
200: 11 206 84 1683 -1
377: 11 -1
347: 11 206 84 -1
205: 11 206 84 -1
205: 11 206 84 -1
247: 424 643 760 343 12 11 633 10 816 481 -1
203: 207 1552 31 517 426 11 12 1691 103 791 351 47 94 1310 93 890 -1
248: 21 481 0 2 1691 12 11 10 10 84 1310 -1
148: 11 74 -1
148: 11 -1
148: 11 -1
148: 11 -1
148: 11 -1
164: 11 -1
266: 11 12 -1
274: 10 11 11 12 -1
200: 11 206 84 1683 -1
200: 11 206 84 1683 -1
200: 11 206 84 1683 -1
11: 264 206 -1
11: 206 -1
274: 11 -1
164: 12 11 960 10 -1
148: 11 -1
148: 11 -1
148: 11 -1
200: 11 -1
148: 11 -1
148: 11 -1
148: 11 -1
200: 11 206 84 1683 -1
164: 11 -1
414: 11 -1
200: 395 41 11 517 11 -1
421: 12 11 5 1005 -1
231: 633 11 12 -1
266: 11 -1
148: 11 -1
148: 11 -1
148: 11 -1
200: 11 206 84 1683 -1
200: 11 206 84 1683 -1
205: 11 206 84 -1
164: 11 -1
11: 10 816 206 -1
429: -1
206: 519 -1
206: 519 -1
206: 519 -1
174: -1
0: -1
13: 892 21 -1
13: 21 -1
13: -1
148: 283 529 3 1788 2 643 838 57 288 10 5 14 2 -1
168: 13 -1
176: -1
177: -1
13: 21 -1
13: 21 23 -1
266: -1
274: 13 1413 -1
164: 424 424 13 13 -1
47: 13 21 25 783 -1
21: 13 47 -1
450: 13 -1
231: 882 3 1811 207 13 1794 41 351 41 450 288 12 11 894 25 -1
274: 1023 881 272 520 186 157 1576 1194 13 94 31 788 905 519 -1
257: 103 899 13 519 1525 4 517 41 1171 1504 1006 5 -1
440: 407 1354 1512 13 1439 316 10 41 -1
280: 13 -1
450: 288 350 65 50 31 10 41 13 29 384 283 409 10 21 2 -1
148: 407 13 -1
47: -1
14: 0 47 -1
14: 0 47 -1
14: 0 47 -1
231: -1
231: 15 -1
15: 58 -1
206: 66 186 647 1231 207 31 17 1219 1197 1224 1234 643 1167 651 1176 1229 1181 1165 1225 358 660 1186 404 47 1220 1215 663 1160 645 1209 665 154 29 1169 1241 1226 1205 1191 1230 1222 1170 1239 1212 1171 1216 1173 316 1217 199 1236 1175 1240 652 1223 246 1189 1201 1190 1211 1208 664 642 1233 1235 1166 400 94 347 265 1214 1232 1221 655 1210 1174 1237 1213 1206 1164 1227 47 1172 395 1162 1207 1177 1238 1178 403 1243 1228 650 21 15 16 649 1168 1194 1242 656 1218 270 21 25 783 -1
231: 15 -1
277: 1160 1190 14 1181 1167 1175 47 952 5 655 265 15 1191 1233 1178 849 1463 1221 1550 -1
291: 227 15 -1
16: 6 -1
16: 231 -1
231: -1
231: 1245 -1
15: 1164 16 520 1229 1116 1006 1181 14 643 404 1160 47 1190 1233 655 1172 -1
203: 954 893 946 16 1116 651 1181 14 645 1190 520 1233 265 655 31 1172 186 511 288 819 -1
16: 231 -1
277: 12 94 519 426 16 5 47 1116 -1
156: 407 470 1549 1555 31 16 21 186 1803 14 288 47 5 -1
231: 16 -1
16: 231 -1
274: 31 633 10 16 84 1413 -1
108: 16 2 520 231 1413 956 899 1659 519 207 31 207 1552 257 11 154 508 643 -1
148: 976 1551 519 1169 400 517 1006 31 207 264 1554 58 956 74 1258 7 41 5 11 16 516 1241 395 1794 11 -1
48: 1164 16 520 1229 1116 1006 1181 14 643 404 1160 47 1190 1233 655 1172 -1
2: 1381 31 942 643 207 520 4 16 47 191 424 1006 1552 946 12 560 899 938 207 481 21 877 533 0 1439 1576 -1
303: 2 219 3 549 550 1552 288 16 47 11 1005 31 58 10 1006 652 916 218 1463 10 1439 1221 287 286 -1
477: 16 -1
2: 16 -1
458: 16 -1
31: 21 183 484 552 183 484 183 -1
142: 16 17 1181 14 645 1190 400 265 655 31 1172 -1
174: 16 1116 1443 849 41 643 41 14 65 14 41 154 -1
174: 1172 1222 1191 16 -1
314: 643 4 207 16 47 191 481 84 1310 -1
16: 231 -1
315: 16 -1
316: 47 243 207 186 31 84 5 16 519 5 952 1504 183 773 -1
47: 520 5 207 94 643 916 1585 10 16 288 14 1 516 1463 11 1006 3 1393 -1
142: 169 660 16 14 650 1190 655 31 77 154 472 -1
231: 21 481 1552 47 16 -1
13: 5 47 16 -1
94: 16 14 1167 919 65 643 5 47 186 347 1178 -1
318: 16 1241 1585 1659 1551 14 203 1209 29 1554 1172 1239 -1
318: 186 849 10 730 899 16 481 -1
11: 40 10 206 -1
11: 206 -1
13: 264 206 -1
11: 206 -1
11: 206 -1
11: 206 -1
11: 264 206 -1
318: 206 -1
11: 206 -1
11: 206 -1
11: 206 -1
11: 264 206 -1
11: 41 -1
11: 206 -1
11: 206 -1
11: 264 206 -1
11: 206 -1
231: 206 -1
11: 206 -1
11: 206 -1
11: 264 206 -1
11: 206 -1
11: 206 -1
11: 206 -1
11: 206 -1
11: 206 -1
11: 206 -1
11: 206 -1
11: 206 -1
11: 206 -1
11: 206 -1
11: 206 -1
11: 206 -1
11: 246 -1
541: 11 324 -1
11: 11 -1
174: 11 -1
174: 11 324 -1
540: 11 -1
174: 11 -1
174: 11 -1
174: 11 -1
231: -1
11: 773 952 17 1502 -1
95: 66 186 647 1231 207 31 17 1224 1219 1197 1234 643 1167 651 1176 1229 358 1181 1165 1225 660 1186 404 47 1220 1215 663 1160 645 1209 665 154 1169 1241 1226 1205 1191 1230 1170 1222 1239 29 1212 1171 1216 1173 316 199 1236 1175 1240 652 1223 246 1189 1201 1190 1211 1208 664 642 1233 1235 1166 400 94 347 265 1214 1232 1164 1221 655 1210 1174 1213 1237 1206 1227 47 1172 395 1162 1217 1207 1177 1238 1178 403 1243 1228 650 21 15 16 649 1194 1242 656 1218 270 1168 -1
541: 759 469 1460 1549 1557 103 472 17 517 41 1106 1116 952 65 773 1239 5 1493 1505 1540 51 -1
550: 529 472 469 17 -1
314: 395 14 41 957 10 650 849 186 520 21 1241 1457 1442 31 40 878 1106 1244 207 17 41 432 1438 5 12 58 1459 -1
31: 21 183 484 552 183 484 183 -1
558: 1262 17 -1
21: 760 450 1511 31 1504 1472 773 1460 765 1536 1523 1530 741 1478 769 1532 1550 470 1505 458 47 759 1437 469 1487 2 472 1540 481 360 1486 1470 1457 1545 1442 183 2 1557 1500 517 1520 1502 1480 1507 1493 776 1559 779 169 1553 1549 1514 457 1554 2 1485 1466 1526 748 207 1449 1525 1534 1436 2 1503 1438 1537 1458 5 1516 1482 1464 1558 17 1494 1483 1471 1508 1529 183 1541 484 1556 1497 1539 1496 772 1535 774 1547 1241 1450 1517 1474 259 11 1463 1533 1515 1510 676 1542 1499 1538 1518 1527 1560 1488 1469 1481 1435 183 1459 1522 1555 1440 1519 2 1512 1439 1546 1448 738 1509 778 1495 1513 1506 763 1521 1552 1455 1447 1468 1543 752 47 1524 1501 265 1531 1551 1498 1475 1544 1444 1443 1446 1461 93 1548 47 -1
541: 103 17 41 -1
310: 520 -1
11: 264 103 17 11 1552 643 31 1413 1006 519 343 10 12 1310 -1
314: 103 17 344 1413 11 154 -1
321: 17 -1
321: 154 103 17 -1
540: 519 899 1413 209 11 1260 11 29 11 94 31 10 12 643 1310 41 17 506 517 -1
21: 907 94 2 64 17 47 673 41 522 470 1482 40 47 -1
47: 907 64 673 1482 470 41 40 17 47 2 522 21 25 783 -1
317: 47 17 21 -1
11: 103 11 10 17 47 157 -1
314: 17 -1
21: 207 519 1413 47 -1
231: 1260 29 25 47 420 425 2 907 218 514 94 470 844 1010 265 513 316 506 207 169 17 -1
21: 11 31 1413 17 1512 2 25 207 -1
331: 11 519 17 -1
21: -1
57: -1
2: 103 17 1413 519 25 47 -1
14: 0 47 -1
14: 0 47 -1
341: -1
187: -1
187: -1
17: 348 -1
231: -1
341: -1
11: 964 913 209 3 1773 11 881 470 21 920 2 643 921 1784 926 1446 927 932 932 1461 520 772 11 429 450 207 1463 933 47 199 934 246 937 938 940 943 1812 1818 948 1815 954 956 1825 2 1826 1439 942 529 914 517 358 1241 58 928 14 1811 5 1239 1512 94 1809 65 907 11 1550 957 1576 868 268 440 84 84 186 407 1413 186 890 1768 906 894 41 432 154 1737 257 6 272 519 1474 93 208 316 84 11 882 893 887 910 889 891 892 1750 1753 270 169 1208 899 1354 879 1776 11 935 41 902 1788 91 905 47 1288 110 819 183 41 472 408 -1
57: -1
584: 14 -1
531: 207 94 3 1209 31 14 481 -1
310: 268 41 41 983 203 1812 920 941 1540 1505 953 1809 395 47 4 946 14 1554 3 -1
321: 14 351 51 395 893 11 47 4 -1
321: 881 407 1512 2 5 207 14 519 1241 3 1811 910 207 422 1463 901 1412 1413 907 31 65 -1
347: 519 1023 952 21 -1
358: 31 769 21 481 1497 29 -1
31: 21 183 484 552 183 484 183 -1
229: 773 21 1023 270 469 519 94 1026 1024 1413 472 1511 -1
204: 369 21 899 1552 103 1413 -1
341: 47 142 58 21 -1
350: 1486 142 21 58 -1
351: 11 21 -1
347: 21 103 -1
29: 131 2 879 21 643 520 1221 642 428 1006 429 395 10 816 4 0 -1
358: 58 142 520 21 1025 643 -1
348: 760 1494 849 399 1457 14 519 186 520 47 41 21 -1
77: 472 1504 395 21 -1
77: 3 773 760 207 1011 21 -1
11: 1025 819 21 14 520 1170 47 41 643 -1
2: 773 21 760 5 12 1186 1413 103 -1
355: 643 47 5 21 1170 58 103 -1
348: 916 816 11 5 983 47 268 1116 914 4 773 47 243 21 -1
348: 21 -1
617: 142 21 -1
617: 199 21 10 -1
617: 21 1505 935 -1
11: 5 243 47 1116 21 4 10 760 12 -1
340: 142 207 1325 21 -1
11: 21 -1
11: 520 973 1006 1239 1554 760 1472 21 1024 519 2 1356 207 1413 1533 31 13 643 1753 41 41 656 5 873 355 47 25 1586 1512 -1
11: 868 519 21 407 520 -1
11: 21 -1
11: 429 428 395 5 773 1005 1011 759 12 11 21 51 -1
11: 5 21 1540 1505 773 -1
229: 952 21 -1
11: 5 957 21 643 760 1554 -1
358: 1413 484 21 -1
340: 369 21 1552 1241 -1
11: 21 41 -1
381: 21 5 952 40 1540 519 1466 1505 -1
358: 472 952 1504 395 21 -1
629: 1435 21 -1
11: 0 3 1214 5 65 207 1222 10 10 2 271 94 41 21 643 519 2 4 384 1512 819 520 422 1024 1413 1773 952 360 58 -1
381: 2 21 -1
358: 5 4 47 835 47 21 -1
629: 41 1551 1519 1413 1438 21 103 400 469 519 5 517 47 1533 1300 -1
229: 1773 21 -1
381: 0 5 21 1025 -1
358: 1006 1020 1457 520 109 643 186 1737 -1
11: 429 21 519 131 -1
251: 186 1024 31 51 4 288 14 1541 426 1753 5 508 207 243 5 400 10 732 1006 395 1540 899 21 -1
14: 395 -1
384: -1
14: 395 -1
381: 47 -1
331: 2 47 -1
331: 2 47 -1
377: -1
347: -1
109: -1
358: -1
400: -1
11: -1
203: 1413 14 0 10 -1
2: 1602 -1
248: -1
404: -1
405: -1
2: -1
148: -1
407: -1
408: -1
358: -1
2: -1
266: -1
274: -1
47: -1
21: 2 409 1788 1512 47 2 -1
21: 1239 47 -1
21: 407 47 -1
381: 1244 1010 455 31 229 47 2 -1
21: 47 2 -1
21: 588 29 47 -1
200: 1262 -1
2: -1
4: -1
21: 4 -1
2: -1
31: -1
200: -1
200: -1
405: 14 31 12 -1
47: 14 31 207 -1
2: 14 -1
681: 14 -1
400: -1
156: 919 1413 2 207 14 -1
11: 14 -1
41: -1
164: -1
177: -1
177: -1
177: -1
419: -1
414: -1
421: 1439 -1
414: -1
421: -1
414: -1
421: -1
231: 538 -1
429: -1
421: -1
231: -1
266: -1
429: -1
421: -1
203: -1
266: 435 450 937 439 279 178 1811 1793 1773 -1
429: -1
247: -1
429: -1
203: -1
266: -1
429: -1
209: -1
266: -1
203: -1
266: -1
157: -1
256: -1
203: -1
41: -1
256: -1
115: -1
450: -1
266: -1
431: -1
440: -1
157: 21 288 -1
256: -1
148: -1
266: -1
157: -1
450: -1
110: 31 -1
218: -1
29: -1
157: -1
450: -1
47: -1
231: -1
274: 84 -1
450: -1
157: -1
280: -1
147: -1
147: -1
147: -1
147: -1
147: 21 5 183 468 469 470 471 -1
21: -1
203: -1
148: -1
266: -1
231: -1
277: -1
291: 470 -1
5: 21 23 -1
277: 520 199 529 1026 316 1023 643 65 1024 519 517 1512 1511 41 207 1006 1523 760 169 31 849 51 1241 523 10 1483 1541 94 21 12 11 2 2 400 207 186 1552 460 207 47 -1
741: 952 2 470 -1
21: -1
256: 58 -1
21: 748 1504 2 -1
21: 41 1189 409 64 142 203 983 3 21 41 -1
448: 899 1413 519 400 4 31 21 103 -1
277: 203 157 5 440 881 37 81 272 207 21 23 -1
474: 5 983 4 2 47 835 47 1106 21 243 47 1116 21 4 773 -1
277: -1
410: 0 207 207 31 515 350 964 47 -1
29: 0 207 31 515 -1
751: 0 -1
747: 31 288 849 882 449 448 424 916 10 816 -1
448: 395 41 1106 14 31 -1
15: 849 643 186 650 1457 58 31 11 1240 58 41 -1
355: 31 -1
474: 907 1116 41 384 41 31 4 952 934 935 873 1512 5 -1
457: 0 207 31 350 964 515 759 47 2 -1
21: 166 31 910 789 316 3 157 84 -1
450: 511 31 41 -1
481: 1413 31 -1
747: 31 3 -1
448: 881 2 519 424 423 31 -1
210: 1768 908 890 894 906 41 11 422 3 899 892 910 886 157 893 889 1753 11 899 1750 1755 956 272 439 1512 946 1812 927 360 433 1354 450 47 1221 943 1803 288 41 84 31 166 91 1208 186 550 -1
781: 642 14 849 650 41 643 373 873 142 520 -1
21: 350 31 -1
474: 423 424 31 31 288 -1
157: 0 207 350 207 31 964 168 515 -1
95: 481 207 877 1413 916 10 816 511 1116 31 1006 -1
784: 899 47 519 457 517 1300 40 541 31 288 -1
447: 21 183 484 -1
31: -1
277: 31 -1
10: 31 -1
10: 31 -1
10: 31 -1
10: 31 -1
10: 31 -1
10: 31 -1
10: 47 849 41 349 1413 10 983 58 643 -1
229: 31 -1
10: 31 -1
10: 31 -1
10: 31 -1
10: 31 -1
10: 31 -1
10: 31 -1
10: 31 -1
10: 816 10 -1
13: 31 -1
10: 31 -1
10: 31 -1
10: 31 -1
10: 84 10 3 103 229 443 31 -1
10: 31 -1
10: 31 -1
10: 10 -1
819: 529 1438 517 932 1239 58 773 51 1493 94 1241 519 10 432 -1
814: 1239 -1
95: 31 -1
10: 31 -1
10: 31 -1
10: 31 -1
10: 31 -1
10: 31 -1
10: 31 -1
10: 31 -1
10: 31 -1
10: 31 -1
10: 31 -1
10: 31 -1
10: 31 -1
10: 31 -1
10: 31 -1
10: 31 -1
10: 31 -1
10: 31 -1
10: 31 -1
10: -1
142: -1
174: -1
174: -1
314: 633 25 783 -1
47: -1
10: -1
315: -1
316: -1
508: -1
142: -1
231: -1
511: -1
512: -1
10: -1
318: -1
142: -1
850: 58 -1
21: 773 21 -1
2: 4 21 -1
513: 4 283 21 -1
504: 2 520 21 40 12 207 207 643 1554 0 470 -1
501: 47 1005 21 -1
318: 1262 -1
10: 21 -1
511: -1
512: 633 21 -1
514: -1
11: -1
521: -1
521: -1
521: -1
10: -1
521: -1
521: -1
521: -1
521: -1
521: -1
521: -1
521: -1
521: -1
521: -1
521: -1
521: -1
521: -1
521: -1
521: -1
512: -1
521: -1
95: -1
521: -1
521: -1
521: -1
521: -1
521: -1
521: -1
521: -1
521: -1
521: -1
521: -1
521: -1
521: -1
521: -1
521: -1
521: -1
521: -1
521: -1
521: -1
521: -1
521: -1
521: -1
521: -1
521: -1
521: -1
521: -1
521: -1
521: -1
521: -1
521: -1
521: -1
521: -1
521: -1
521: -1
521: -1
521: -1
521: -1
521: -1
521: -1
521: -1
521: -1
521: -1
521: -1
521: -1
521: -1
521: -1
521: -1
521: -1
521: -1
521: -1
521: -1
521: -1
521: -1
521: -1
521: -1
521: -1
521: -1
521: -1
521: -1
521: 11 -1
31: -1
514: -1
11: -1
11: -1
11: -1
521: -1
514: -1
164: -1
529: -1
11: -1
931: -1
231: -1
529: -1
11: -1
531: -1
521: -1
529: 10 -1
947: -1
318: 537 -1
10: 919 537 -1
10: 537 -1
10: 13 537 -1
10: 537 -1
521: 537 -1
10: 519 154 10 -1
2: 1189 207 899 31 229 10 -1
318: 10 -1
529: 910 537 -1
10: 537 -1
10: 537 -1
10: 31 526 11 11 11 11 528 157 529 530 531 532 533 534 535 536 537 -1
10: 537 -1
10: 643 11 74 10 522 -1
10: 10 -1
2: 10 1788 -1
94: 207 524 11 12 1776 288 283 1811 960 1463 10 517 47 -1
292: 916 524 2 535 384 10 873 988 923 1576 881 407 -1
981: 537 -1
11: 914 537 -1
10: 537 -1
521: 12 11 1776 283 960 10 517 207 548 25 783 -1
47: 470 387 10 41 -1
984: 10 -1
931: 12 11 1776 11 5 873 25 316 10 -1
94: 10 -1
947: 537 -1
10: 11 910 899 10 905 -1
540: 12 11 283 517 10 1776 207 524 960 47 2 -1
21: 10 -1
229: 537 -1
10: 537 -1
10: 537 -1
10: 537 -1
10: -1
541: 10 -1
550: 288 1811 919 5 1803 10 270 983 1550 937 1208 -1
47: -1
29: 37 246 246 246 246 1299 1300 1301 -1
29: -1
314: 37 246 246 246 246 1299 1300 1301 -1
29: 1298 37 246 246 246 246 1299 1300 1301 -1
29: 37 246 246 246 246 1299 1300 1301 29 -1
29: 37 246 246 246 246 1299 1300 1301 29 -1
29: 29 246 37 246 246 246 1299 1300 1301 -1
29: 37 246 246 246 246 1299 1300 1301 29 -1
29: 1298 37 246 246 246 246 1299 1300 1301 -1
29: 1298 37 246 246 246 246 1299 1300 1301 29 -1
29: 37 246 246 246 246 1299 1300 1301 29 -1
29: 29 -1
29: 37 246 246 246 246 1299 1300 1301 29 -1
29: 37 246 246 246 246 1299 1300 1301 29 -1
29: 37 246 246 246 246 1299 1300 1301 29 -1
29: 1298 31 207 12 11 11 37 246 246 246 246 1299 1300 1301 -1
29: 37 246 246 246 246 1299 1300 1301 29 -1
29: -1
21: 1413 209 1660 1116 -1
29: 519 257 -1
21: 520 642 25 29 519 103 11 58 -1
1014: 25 -1
29: 899 553 643 25 -1
1029: 11 1006 -1
1021: 84 157 952 1023 1026 41 2 1024 400 520 103 643 849 65 58 25 1413 519 1006 -1
531: 25 207 41 -1
1010: 25 643 -1
1029: 25 58 520 952 642 934 10 1362 519 656 -1
156: 643 41 41 1413 25 -1
531: 25 103 519 -1
1010: 41 -1
1029: 25 1023 520 -1
541: 47 25 508 14 773 41 41 5 -1
531: 517 1241 25 -1
1010: 395 25 -1
541: 25 1367 1356 2 -1
541: 12 25 1026 41 1024 1505 1540 519 1536 169 5 -1
531: 5 47 25 -1
1010: 58 66 643 1457 1502 25 400 -1
65: 47 25 -1
531: 515 25 1356 5 12 10 -1
541: 47 1413 511 65 849 31 409 25 519 31 1025 1170 1512 819 1502 47 1552 1006 -1
566: 58 103 1413 31 13 154 47 25 349 693 973 -1
310: 25 91 902 908 894 422 517 -1
540: -1
1050: 12 -1
556: 12 -1
47: 12 -1
29: 12 -1
47: 0 31 31 31 0 0 154 31 -1
540: 12 -1
31: 12 -1
31: 12 -1
47: -1
1058: 10 47 -1
21: 10 -1
21: 10 -1
95: 10 576 25 783 -1
29: 1512 65 407 10 -1
57: 208 10 270 933 316 287 1221 881 1811 -1
1047: 186 10 1819 31 287 208 1006 589 -1
531: 643 520 1413 1241 31 1811 470 270 519 921 94 956 207 287 10 5 142 65 1463 1354 1439 400 1552 -1
310: 287 10 -1
21: 910 1512 10 -1
21: -1
1010: 520 58 1006 1023 643 41 1659 -1
531: 41 41 520 -1
57: 207 41 1024 508 642 -1
1047: 515 -1
355: 1457 41 186 11 395 -1
1048: 520 643 41 2 517 -1
577: 207 730 21 41 41 643 642 31 14 -1
21: 41 508 47 -1
1074: 207 1439 31 29 1502 17 952 21 41 1240 -1
331: 1753 169 207 1510 207 1106 520 41 395 103 426 268 -1
531: 270 207 1460 643 952 1356 41 41 1006 1186 1532 472 12 51 -1
540: 1208 58 41 272 1485 1512 -1
1047: 1455 41 41 520 1023 -1
531: -1
1048: 40 207 41 1006 1241 520 643 -1
557: 41 -1
47: 41 -1
577: 730 469 11 769 41 -1
29: 879 58 1023 508 643 25 84 952 642 1552 773 11 41 520 186 41 519 40 395 25 16 656 1240 1460 12 -1
1074: 1023 207 41 41 -1
565: 2 1006 41 519 773 849 508 -1
547: 41 246 422 849 868 952 41 -1
58: 41 520 1586 2 -1
358: 508 519 1241 41 520 1413 10 1006 -1
531: 11 -1
165: 41 -1
110: 481 4 41 41 41 2 520 -1
191: 109 84 760 1457 186 65 288 1753 41 1170 407 643 1240 -1
119: 1011 1010 913 11 25 -1
2: 25 -1
64: 12 207 11 283 288 973 460 47 873 25 -1
266: 11 25 31 25 783 -1
47: 514 1002 25 -1
13: 11 207 12 1776 191 283 288 11 1241 203 881 5 873 25 -1
187: 287 11 946 11 25 -1
177: 12 1776 288 5 973 11 25 316 11 395 506 946 207 1241 893 889 384 876 935 -1
12: 633 12 11 873 1776 288 5 207 973 11 25 316 506 283 10 916 10 816 -1
37: 12 11 25 1776 -1
166: 520 984 164 893 1776 41 4 11 1794 550 11 976 983 3 973 209 873 1019 268 1574 25 351 -1
165: 21 183 484 -1
31: 11 25 47 -1
21: 1011 1015 169 976 268 1005 74 1006 11 11 5 25 316 517 2 1552 -1
12: 1554 268 25 316 1029 41 -1
1103: 12 11 873 1776 288 5 207 973 11 25 316 506 31 -1
358: 514 513 511 688 11 25 316 1029 502 31 74 1258 264 7 -1
606: 10 1002 12 11 25 506 10 5 316 643 935 265 9 976 11 31 1172 773 2 1005 1011 219 1554 74 1258 514 511 -1
131: 11 25 -1
165: 1011 169 11 11 976 10 25 1554 1005 9 268 517 -1
119: 517 351 1257 11 307 25 -1
37: 41 849 1167 41 1776 873 25 -1
1109: 11 12 519 973 207 11 94 11 264 25 316 -1
250: 1011 1002 1793 25 617 -1
1109: 316 25 506 29 841 519 844 41 7 -1
177: 25 11 506 316 10 1010 514 862 863 513 520 -1
250: 899 549 550 11 11 1552 268 25 41 -1
1109: 1005 1011 74 11 10 25 -1
165: 550 11 976 589 516 514 1811 25 513 41 -1
177: 264 25 11 545 1005 506 513 844 10 209 1010 516 2 10 519 910 901 1260 -1
190: 730 31 207 11 1310 1011 10 516 25 506 -1
1109: 519 12 25 -1
37: 926 1010 878 29 182 839 844 517 957 25 506 316 11 207 520 1317 -1
58: -1
64: 31 58 -1
119: 1811 432 31 1413 -1
47: 31 910 31 -1
177: 31 973 400 432 -1
64: 585 632 643 447 31 -1
617: -1
31: 910 31 637 207 517 -1
1109: 31 432 31 1006 1679 -1
108: 899 3 31 632 517 -1
1109: 31 -1
47: 519 31 31 432 207 -1
190: -1
31: -1
37: 287 1413 31 -1
37: 31 -1
10: 910 31 1486 -1
11: 31 3 1512 207 -1
58: 760 447 432 -1
58: 1245 519 1556 1413 31 94 447 1241 -1
58: 31 637 447 432 1512 508 1006 65 -1
58: 31 -1
1109: 94 443 31 1556 31 585 -1
11: 432 65 31 -1
37: -1
384: -1
31: -1
11: 390 391 -1
64: 391 -1
64: 391 -1
10: 391 -1
10: 391 -1
187: 391 -1
10: 391 -1
47: 391 -1
10: 391 -1
10: 391 -1
10: 391 -1
10: 391 -1
10: 391 -1
31: 391 -1
12: 390 391 -1
10: 455 41 -1
628: 41 -1
11: 21 183 484 552 183 484 183 -1
31: 41 -1
10: 154 643 41 5 1552 -1
631: 1586 520 41 11 1006 508 103 5 642 1178 41 -1
37: 1753 1512 1413 1006 994 1576 47 1024 643 41 952 -1
64: 41 -1
64: 404 1011 863 450 1461 41 -1
108: 41 58 41 -1
629: 203 41 517 84 1240 -1
614: 916 10 633 41 511 -1
614: 21 899 41 -1
58: 472 41 -1
629: 41 -1
1109: 481 41 -1
251: 520 -1
1115: 41 -1
1115: 696 154 21 41 -1
64: 14 142 41 -1
108: 6 41 -1
629: 40 514 207 1006 259 1170 41 881 1260 -1
614: -1
10: 41 4 -1
1103: 41 -1
1156: 288 41 -1
1147: 643 142 41 1025 -1
37: -1
109: -1
109: -1
521: -1
94: -1
521: -1
521: -1
521: -1
521: -1
521: -1
521: -1
13: -1
521: -1
521: -1
521: -1
109: -1
521: -1
521: -1
521: -1
521: -1
521: -1
521: -1
64: -1
631: -1
521: -1
631: -1
631: -1
521: -1
631: -1
631: -1
14: -1
631: -1
631: -1
521: -1
629: -1
521: -1
521: -1
521: -1
521: -1
631: -1
521: -1
521: -1
521: -1
629: -1
521: -1
14: -1
521: -1
521: -1
521: -1
521: -1
521: -1
521: -1
521: -1
64: -1
1115: -1
631: -1
521: -1
521: -1
629: -1
14: -1
521: -1
631: -1
521: -1
631: -1
521: -1
521: -1
521: -1
521: 25 -1
1174: 25 -1
25: 25 -1
1148: 25 -1
521: 25 -1
409: 25 -1
409: 25 -1
614: 25 -1
25: -1
1174: 25 -1
1174: 25 -1
148: 25 -1
25: 25 -1
37: 25 -1
25: 25 -1
15: 25 -1
25: 25 -1
25: 25 -1
25: 25 -1
521: 25 -1
25: 25 -1
521: 25 -1
15: 25 -1
1218: 25 -1
25: 25 -1
25: 25 -1
25: 25 -1
25: 25 -1
16: 25 -1
25: 25 -1
25: 25 -1
25: 25 -1
25: 25 -1
37: 25 -1
148: 25 -1
25: 25 -1
409: 25 -1
109: 25 -1
109: 25 -1
617: 1011 31 1664 -1
77: 31 157 1244 108 -1
77: 5 40 31 877 25 -1
1231: 31 -1
77: 31 -1
77: 31 -1
617: 31 878 -1
77: 1116 31 395 -1
1231: 31 -1
1231: 31 -1
521: 31 894 411 -1
1231: 878 31 -1
77: 142 207 31 41 1006 647 924 1175 207 47 51 -1
148: 186 1172 952 773 893 1191 935 31 1116 470 1504 207 2 268 2 288 5 11 29 47 395 -1
37: 952 773 893 1191 935 31 1116 470 1504 207 2 268 2 288 5 11 29 47 -1
109: 1116 1010 514 384 516 511 31 -1
103: 5 40 31 877 25 -1
1187: 643 1116 893 169 384 1221 1006 31 384 -1
109: 31 -1
77: 31 -1
77: 5 760 31 -1
109: 262 2 40 219 1244 1271 549 1010 94 108 31 -1
94: 432 878 529 1585 31 1015 31 411 186 31 -1
103: 31 -1
177: 31 -1
1310: 164 11 893 5 31 10 41 481 -1
94: 40 -1
103: 682 -1
10: 154 -1
41: 1011 514 862 74 169 10 41 902 306 643 828 1241 404 29 11 816 529 207 517 -1
521: 514 511 25 306 1811 41 11 873 316 1029 2 264 219 1554 31 58 74 1258 7 -1
521: 10 901 1482 3 914 1755 157 31 207 -1
521: 29 2 41 -1
521: 1116 862 219 1552 1010 287 759 1660 894 12 395 2 899 643 207 459 1474 14 5 286 207 1151 1191 154 513 41 512 -1
521: 306 1550 65 442 219 907 41 -1
521: 12 41 94 31 946 518 2 -1
521: 74 1005 1015 268 10 976 41 -1
521: 1244 518 513 512 -1
521: 976 1554 264 893 11 -1
177: 268 41 41 -1
521: 901 41 41 288 1809 -1
521: 519 41 -1
521: 518 41 519 643 207 5 481 -1
521: 502 -1
521: 850 314 686 -1
521: 11 5 47 11 41 -1
521: 1576 1208 41 287 1463 1262 -1
103: 41 41 -1
521: 517 428 29 207 41 -1
521: 1005 64 1260 560 1254 518 1006 519 270 2 207 1011 103 94 514 973 41 -1
521: 203 11 976 29 41 395 1005 1011 103 11 12 759 10 -1
521: 893 57 1809 838 354 41 41 889 -1
521: 51 41 1011 -1
521: 519 65 1413 423 938 246 922 894 934 773 1818 937 1811 514 1011 511 25 41 839 169 1776 5 11 880 207 350 354 -1
2: 10 1010 549 1552 550 1554 264 1005 1115 3 514 511 513 41 -1
2: -1
2: 41 -1
1310: 460 41 4 11 47 268 -1
2: 11 842 41 -1
37: 21 183 484 -1
2: -1
1177: -1
2: -1
2: -1
2: -1
521: -1
2: -1
1156: -1
2: -1
2: -1
2: 431 -1
2: 515 50 713 25 783 -1
2: 882 207 515 1017 50 2 -1
2: 47 -1
2: 882 1017 207 50 515 47 -1
2: 51 1552 -1
2: 51 1413 31 25 783 -1
2: 21 183 484 552 183 484 183 -1
2: 51 1413 47 2 -1
2: 51 -1
521: 1540 51 -1
310: 51 -1
37: 47 4 10 41 838 50 11 892 1482 51 2 975 426 519 407 1002 1512 -1
651: 529 51 41 395 5 84 773 14 952 41 -1
521: 469 51 5 -1
521: 51 1413 -1
95: 11 722 219 446 447 31 726 449 728 729 730 450 451 283 284 454 455 737 285 457 287 741 -1
410: -1
521: -1
521: -1
203: -1
521: -1
209: -1
521: -1
521: -1
521: -1
521: -1
521: -1
521: -1
521: -1
521: -1
521: -1
521: -1
521: 64 442 219 447 31 726 729 730 454 285 457 287 741 -1
2: 64 442 219 447 31 726 729 730 454 285 457 287 741 -1
2: 64 442 11 722 446 447 31 726 449 728 729 730 450 451 283 284 454 455 737 285 457 741 -1
521: 64 442 219 447 31 726 729 730 454 285 457 287 741 -1
1164: 64 442 11 722 219 446 31 726 449 728 729 730 450 451 283 284 454 455 737 285 457 287 741 -1
521: 64 442 443 11 722 219 446 447 449 728 729 450 451 283 284 454 455 737 285 457 287 741 -1
521: 64 442 219 447 31 726 729 730 454 285 457 287 741 -1
521: 64 442 219 447 31 726 729 730 454 285 457 287 741 -1
521: 64 442 11 722 219 446 447 31 726 449 728 730 450 451 283 284 454 455 737 285 457 287 741 -1
521: 64 442 11 722 219 446 447 449 728 729 450 451 283 284 454 455 737 285 457 287 741 -1
521: 64 442 219 447 31 726 729 730 454 285 457 287 741 -1
521: 64 442 219 447 31 726 729 730 454 285 457 287 741 -1
521: 64 442 219 447 31 726 729 730 454 285 457 287 741 -1
521: 64 442 219 447 31 726 729 730 454 285 457 287 741 -1
450: 64 442 11 722 219 446 447 31 726 449 728 729 730 450 451 283 284 455 737 285 457 287 741 -1
521: 64 442 219 447 31 726 729 730 454 285 457 287 741 -1
280: 64 442 219 447 31 726 729 730 454 285 457 287 741 -1
450: 64 442 11 722 219 446 447 31 726 449 728 729 730 450 451 283 284 454 455 737 457 287 741 -1
521: 64 442 11 722 219 446 447 31 726 449 728 729 730 450 451 283 284 454 455 737 285 287 741 -1
521: 442 -1
521: -1
521: 1577 287 519 1486 730 454 728 729 283 455 451 284 737 726 31 520 -1
521: 207 285 457 729 454 451 31 446 219 737 284 722 11 728 730 64 283 726 450 449 455 447 199 1245 -1
521: 257 519 64 446 722 457 285 447 11 219 449 450 730 454 728 729 283 455 451 284 737 726 31 -1
521: 1577 287 519 1486 730 454 728 729 283 455 451 284 737 726 31 520 -1
521: 64 446 722 457 285 447 11 219 449 450 730 454 728 729 283 455 451 284 737 726 31 -1
2: 21 1552 1413 1577 517 652 520 65 5 2 -1
257: 285 729 454 451 31 446 1413 219 737 520 284 722 11 728 64 730 283 726 449 455 447 910 -1
25: 10 730 31 726 737 284 451 455 283 729 728 454 730 450 449 219 11 447 285 457 722 446 64 519 -1
25: 787 1241 64 446 722 11 457 285 454 219 451 729 447 449 450 31 728 283 455 284 737 726 730 643 910 -1
25: 1577 287 519 1486 730 454 728 729 283 455 451 284 737 726 31 520 -1
1174: 287 64 722 457 285 447 11 219 449 450 730 454 728 729 283 455 451 284 737 726 31 -1
10: 643 103 407 58 1006 -1
64: 287 6 285 457 729 454 219 451 31 446 737 64 284 722 11 728 730 283 726 450 449 455 447 94 432 -1
64: 520 169 643 342 1439 40 47 2 1006 5 349 1482 209 517 519 64 446 722 457 285 447 11 219 449 450 730 454 728 729 283 455 451 284 737 726 31 287 443 -1
64: 520 40 287 186 64 446 31 643 -1
521: 729 454 451 31 446 219 737 284 722 11 728 730 64 283 726 450 449 455 447 -1
408: 1577 287 519 1486 730 454 728 729 283 455 451 284 737 726 31 520 -1
1176: -1
1177: 51 772 748 472 -1
64: -1
64: 1576 1413 407 229 520 94 1512 65 272 29 47 422 2 901 913 881 519 103 286 1006 942 3 1241 207 1811 1552 1443 1482 588 1208 899 432 956 470 316 81 207 1221 270 31 31 186 400 1439 -1
11: 84 -1
21: 207 -1
521: -1
37: 47 -1
109: -1
331: 21 23 -1
1231: 21 3 47 2 -1
21: 3 21 763 25 783 -1
47: 21 -1
1440: 21 850 -1
41: -1
1450: 40 520 633 142 -1
521: 470 -1
37: 40 2 -1
65: 1554 1010 40 183 -1
65: 40 519 517 1241 -1
65: 40 560 1011 1005 514 -1
1231: 472 51 40 -1
25: 1413 40 -1
81: 40 769 -1
25: 40 -1
1231: 40 1172 643 1006 1815 25 -1
274: 40 432 -1
1291: 31 40 -1
91: 94 -1
91: 40 472 1504 5 -1
1231: 40 523 -1
57: 40 1010 -1
90: 2 1178 643 455 519 2 40 994 946 1006 1116 1552 517 5 94 1541 31 1482 -1
231: 2 94 40 946 952 -1
91: 12 -1
310: 40 25 -1
1156: 395 40 -1
25: -1
91: -1
21: 41 481 778 183 41 41 41 781 41 41 782 783 784 487 786 787 788 789 306 -1
15: 41 481 306 778 -1
521: 41 481 778 183 41 41 41 781 41 41 782 783 784 487 786 787 788 789 306 -1
91: 41 481 778 183 41 41 41 781 41 41 782 783 784 487 786 787 788 789 306 -1
12: -1
15: -1
15: 41 481 778 183 41 41 41 781 41 41 782 783 784 487 786 787 788 789 306 -1
12: 41 481 778 183 41 41 41 781 41 41 782 783 784 487 786 787 788 789 306 -1
15: 41 481 306 778 -1
57: 41 481 778 183 41 41 41 781 41 41 782 783 784 487 786 787 788 789 306 -1
15: 41 481 778 183 41 41 41 781 41 41 782 783 784 487 786 787 788 789 306 -1
15: 41 481 778 788 183 41 41 41 781 41 41 782 783 784 487 786 787 789 306 -1
15: 41 481 778 183 41 41 41 781 41 41 782 783 784 487 786 787 788 789 306 -1
15: 41 481 778 788 183 41 41 41 781 41 41 782 783 784 487 786 787 789 306 -1
91: 41 481 778 41 183 41 41 41 781 41 41 782 783 784 487 786 787 788 789 306 -1
15: 41 481 778 183 41 41 41 781 41 41 782 783 784 487 786 787 788 789 306 -1
15: 41 481 778 183 41 41 41 781 41 41 782 783 784 487 786 787 788 789 306 -1
37: 41 481 778 183 41 41 41 781 41 41 782 783 784 487 786 787 788 789 306 -1
15: 41 481 778 183 41 41 41 781 41 41 782 783 784 487 786 787 788 789 306 -1
15: 41 481 778 183 41 41 41 781 41 41 782 783 784 487 786 787 788 789 306 -1
64: 41 481 778 183 41 41 41 781 41 41 782 783 784 487 786 787 788 789 306 -1
31: 41 481 778 183 41 41 41 781 41 41 782 783 784 487 786 787 788 789 306 -1
15: 41 481 778 183 41 41 41 781 41 41 782 783 784 487 786 787 788 789 306 -1
15: 41 481 778 183 41 41 41 781 41 41 782 783 784 487 786 787 788 789 306 -1
2: 41 481 778 183 41 41 41 781 41 41 782 783 784 487 786 787 788 789 306 -1
2: 41 481 778 183 41 41 41 781 41 41 782 783 784 487 786 787 788 789 306 -1
64: 41 481 778 183 41 41 41 781 41 41 782 783 784 487 786 787 788 789 306 -1
2: 41 481 778 183 41 41 41 781 41 41 782 783 784 487 786 787 788 789 306 -1
2: 41 481 778 183 41 41 41 781 41 41 782 783 784 487 786 787 788 789 306 -1
2: 41 481 778 183 41 41 41 781 41 41 782 783 784 487 786 787 788 789 306 -1
2: 41 481 778 788 789 306 -1
15: 41 481 778 183 41 41 41 781 41 41 782 783 784 487 786 787 788 789 306 -1
2: 41 481 778 183 41 41 41 781 41 41 782 783 784 487 786 787 788 789 306 -1
2: 41 481 778 183 41 41 41 781 41 41 782 783 784 487 786 787 788 789 306 -1
2: 41 481 778 183 41 41 41 781 41 41 782 783 784 487 786 787 788 789 306 -1
2: 41 -1
2: 41 481 778 183 41 41 41 781 41 41 782 783 784 487 786 787 788 789 306 -1
2: 41 481 778 183 41 41 41 781 41 41 782 783 784 487 786 787 788 789 306 -1
2: 41 481 778 183 41 41 41 781 41 41 782 783 784 487 786 787 788 789 306 -1
2: 41 481 778 183 41 41 41 781 41 41 782 783 784 487 786 787 788 789 306 -1
2: 41 481 778 183 41 41 41 781 41 41 782 783 784 487 786 787 788 789 306 -1
15: 41 481 778 782 783 784 487 786 787 788 789 306 -1
2: 41 481 778 183 41 41 41 781 41 41 782 783 784 487 786 787 788 789 306 -1
2: 41 481 306 778 -1
2: 41 481 778 31 183 41 41 41 781 41 41 782 783 784 487 786 787 788 789 306 -1
2: 41 481 778 788 183 41 41 41 781 41 41 782 783 784 487 786 787 789 306 -1
2: 41 481 778 183 41 41 41 781 41 41 782 783 784 487 786 787 788 789 306 -1
15: 41 481 778 183 41 41 41 781 41 41 782 783 784 487 786 787 788 789 306 -1
2: 41 481 778 183 41 41 41 781 41 41 782 783 784 487 786 787 788 789 306 -1
2: 41 481 778 183 41 41 41 781 41 41 782 783 784 487 786 787 788 789 306 -1
2: -1
2: 41 481 778 183 41 41 41 781 41 41 782 783 784 487 786 787 788 789 306 -1
2: 41 481 778 183 41 41 41 781 41 41 782 783 784 487 786 787 788 789 306 -1
2: 41 481 778 41 183 41 41 41 781 41 41 782 783 784 487 786 787 788 789 306 -1
2: 481 306 788 -1
2: 41 481 778 183 41 41 41 781 41 41 782 783 784 487 786 787 788 789 306 -1
2: 41 481 778 183 41 41 41 781 41 41 782 783 784 487 786 787 788 789 306 -1
103: 41 481 778 183 41 41 41 781 41 41 782 783 784 487 786 787 788 789 306 -1
15: 41 481 778 788 183 41 41 41 781 41 41 782 783 784 487 786 787 789 306 -1
2: 41 481 778 183 41 41 41 781 41 41 782 783 784 487 786 787 788 789 306 -1
1174: 41 481 778 183 41 41 41 781 41 41 782 783 784 487 786 787 788 789 306 -1
1174: 41 481 778 31 183 41 781 782 783 784 487 786 787 306 -1
15: 41 481 778 788 183 41 41 41 781 41 41 782 783 784 487 786 787 789 306 -1
1174: 41 481 306 778 -1
1174: 41 481 778 31 183 41 41 41 781 41 41 782 783 784 487 786 787 788 789 306 -1
15: 41 481 778 31 183 41 41 41 781 41 41 782 783 784 487 786 787 788 789 306 -1
15: 41 481 778 183 41 41 41 781 41 41 782 783 784 487 786 787 788 789 306 -1
2: 483 183 41 41 -1
617: 483 183 41 41 -1
41: -1
41: 41 481 306 778 -1
674: 483 183 41 41 -1
57: 483 183 41 41 -1
41: 481 788 -1
109: -1
1541: -1
1310: -1
2: -1
781: -1
41: -1
41: -1
477: -1
109: -1
37: 483 183 41 41 -1
41: 483 183 41 41 -1
2: 483 183 41 41 -1
41: 483 183 41 41 -1
109: 481 41 782 788 306 -1
103: 41 -1
95: 481 789 -1
1331: 483 183 41 41 -1
109: 520 -1
157: 183 41 41 -1
12: -1
65: 483 183 41 41 -1
65: 483 183 41 41 -1
41: 483 183 41 41 -1
41: 816 -1
1187: 483 183 41 41 -1
94: 483 183 484 183 484 183 484 183 484 183 484 183 484 183 484 183 484 183 484 183 484 183 484 183 484 183 484 183 484 183 484 183 484 183 484 183 484 183 484 183 484 183 484 183 484 183 484 183 484 183 484 183 484 41 41 -1
15: 483 183 41 41 -1
41: 483 183 41 41 -1
2: 483 183 41 41 -1
41: 816 -1
784: 816 -1
784: 41 -1
1310: 481 -1
2: 483 183 41 41 -1
41: 483 183 41 41 -1
41: 21 183 484 -1
31: 483 183 41 41 -1
57: 483 183 41 41 -1
77: 483 183 41 41 -1
41: 41 -1
481: 498 -1
277: 498 -1
277: 498 -1
277: 498 -1
148: 498 -1
277: 498 -1
277: 498 -1
177: 498 -1
177: 498 -1
277: 498 -1
12: -1
277: 498 -1
277: 498 -1
277: 498 -1
1617: 797 498 498 498 498 498 498 498 498 498 498 498 498 -1
50: -1
1617: -1
277: -1
800: 1413 51 952 759 1552 -1
801: 51 207 -1
2: 51 -1
411: 51 169 400 952 773 643 207 9 1006 395 -1
2: 51 -1
411: 51 1006 395 759 -1
411: 29 37 268 819 319 51 -1
77: 759 469 760 472 643 952 769 1505 1540 51 -1
231: 400 1552 1504 11 51 -1
277: 1023 51 169 400 952 773 643 520 9 395 -1
411: 207 51 772 1006 -1
2: 51 -1
1381: 51 -1
310: 169 51 41 1006 5 760 520 2 773 -1
1629: 470 760 169 472 400 31 469 952 748 40 1178 1006 772 1505 732 2 51 1551 1558 -1
231: 203 12 51 -1
1381: 956 937 51 -1
1358: 186 51 520 472 12 58 643 4 -1
1629: 51 -1
77: 41 952 51 9 759 520 1006 1460 1552 472 264 -1
40: 207 643 899 1512 519 2 1006 395 4 1308 1552 946 207 1576 1413 272 447 31 203 901 517 1537 5 12 759 407 952 1504 51 400 11 1241 470 748 472 520 1455 1483 1753 207 1493 523 1472 1773 183 94 1443 2 849 169 257 -1
1358: 12 51 -1
2: 1504 47 2 772 51 1006 -1
1251: 772 51 -1
29: 472 395 40 51 400 1006 -1
1384: 51 519 -1
29: 51 169 41 772 517 1006 759 -1
1381: 5 11 400 529 1825 51 -1
1331: 51 11 773 -1
1331: 51 -1
428: 11 51 748 952 760 40 1178 1006 207 2 5 41 772 1504 12 472 517 1540 773 1551 470 -1
410: 948 1460 47 1300 956 517 516 1812 1818 51 21 207 -1
31: 51 952 773 1006 5 41 1240 1504 1186 400 1011 -1
1358: 51 41 207 400 1006 4 1504 169 773 952 -1
1400: 65 1554 5 927 934 51 921 926 937 -1
2: 1493 -1
31: 2 481 207 31 94 31 643 877 519 31 154 270 946 84 1350 -1
12: 1457 849 154 1354 633 31 643 47 -1
156: 10 11 31 21 -1
1404: 10 11 31 21 -1
814: 519 58 -1
12: 58 519 47 25 783 -1
47: 58 519 47 -1
21: 166 58 64 1241 517 520 154 -1
1408: 84 407 58 257 1006 519 -1
77: 21 183 484 183 552 183 484 183 -1
12: 21 183 484 -1
31: 21 183 484 -1
31: 169 40 47 2 -1
37: -1
109: -1
109: 37 246 246 246 246 1299 1300 1301 29 -1
109: 37 246 246 246 246 1299 1300 1301 -1
40: 21 -1
109: 21 -1
109: 343 37 246 246 246 246 1299 1300 1301 29 -1
651: -1
12: 2 -1
14: 2 -1
109: 50 -1
12: 2 -1
31: 2 -1
50: 50 -1
209: 916 50 913 537 2 -1
1405: -1
37: 21 -1
10: 7 -1
617: -1
1400: 191 -1
1156: -1
2: -1
109: -1
1164: -1
157: -1
157: -1
157: 25 514 513 -1
714: -1
729: -1
723: -1
450: -1
410: -1
274: -1
280: -1
450: -1
410: -1
280: 2 -1
450: -1
11: -1
200: -1
280: -1
285: -1
11: -1
257: -1
741: -1
200: -1
285: 519 -1
11: -1
257: 1010 -1
1209: -1
11: -1
664: -1
11: -1
1157: -1
1256: -1
664: -1
109: -1
1256: 1413 -1
521: -1
1450: -1
11: -1
1431: 21 -1
1440: -1
1157: 910 -1
1256: -1
521: -1
11: -1
1157: -1
1450: -1
21: -1
1218: -1
148: -1
1157: -1
1450: -1
25: 916 -1
1231: -1
1274: -1
1450: -1
1157: -1
748: 84 -1
521: -1
521: -1
521: -1
521: -1
521: -1
109: -1
664: -1
25: -1
11: -1
521: -1
1277: -1
1291: -1
521: -1
904: -1
905: -1
109: -1
1256: -1
109: -1
109: -1
914: -1
915: -1
2: -1
1277: -1
911: 2 -1
148: -1
917: 31 -1
917: -1
2: 1245 -1
90: -1
421: -1
2: -1
914: -1
109: -1
914: -1
2: -1
917: -1
521: -1
914: -1
29: -1
109: -1
921: 10 -1
1157: -1
617: -1
931: -1
910: -1
57: 908 -1
1277: -1
77: -1
77: 913 -1
77: -1
77: -1
77: -1
77: -1
77: -1
77: -1
77: -1
77: -1
77: -1
77: -1
77: -1
77: -1
77: -1
77: -1
64: -1
77: -1
77: -1
77: -1
77: -1
77: -1
77: -1
77: -1
941: -1
11: -1
617: -1
77: -1
77: -1
77: 21 -1
77: -1
77: -1
77: -1
77: -1
77: -1
77: -1
77: -1
77: -1
77: -1
77: 21 -1
77: -1
77: -1
77: -1
77: -1
77: -1
77: -1
38: 207 -1
1174: 537 956 50 -1
1174: -1
2: -1
37: -1
77: 4 -1
41: -1
1316: -1
2: -1
38: -1
1231: -1
1511: 12 -1
41: -1
77: -1
41: -1
521: -1
2: -1
109: -1
12: -1
968: -1
2: 916 902 545 11 984 923 891 10 2 873 11 11 50 951 956 893 885 -1
1501: -1
525: -1
77: -1
529: -1
981: -1
1514: -1
10: -1
15: -1
15: -1
15: -1
77: -1
15: -1
15: -1
15: 2 1245 -1
15: 999 -1
15: -1
15: 909 50 2 904 2 913 837 899 910 916 999 519 2 41 897 10 891 542 2 993 984 543 953 164 943 941 956 50 922 934 893 879 888 426 -1
15: -1
15: -1
15: 916 10 984 2 50 544 926 29 993 2 537 999 917 960 542 47 2 -1
15: 933 2 -1
15: 916 917 999 960 984 10 926 2 29 544 537 2 50 993 542 50 25 783 -1
15: 1025 916 409 539 164 1023 1024 956 264 58 1258 7 837 10 1268 50 -1
15: 916 909 50 409 960 41 524 984 10 -1
15: 31 -1
41: -1
15: -1
617: -1
15: -1
15: -1
15: -1
15: -1
15: -1
15: -1
15: -1
15: 316 -1
15: 272 549 -1
15: -1
15: -1
15: 10 -1
15: 1015 -1
15: -1
15: -1
15: -1
15: -1
15: 264 1262 -1
15: -1
15: -1
15: -1
15: -1
15: -1
15: -1
15: -1
15: -1
15: -1
15: -1
15: -1
15: -1
15: -1
15: -1
15: -1
15: -1
15: -1
15: -1
15: -1
15: -1
15: -1
15: 481 -1
15: -1
15: 788 -1
15: -1
15: 47 789 306 -1
15: 481 47 788 -1
15: 383 31 183 183 183 183 183 183 183 183 183 183 183 183 183 183 183 183 183 183 183 183 1147 183 -1
15: 849 -1
15: 84 157 37 109 37 37 157 157 157 157 157 157 157 4 157 157 -1
15: 21 -1
15: 84 -1
15: 849 -1
15: 84 157 37 109 37 37 157 157 157 157 157 157 157 4 157 157 -1
15: 21 -1
15: 383 31 183 183 183 183 183 183 183 183 183 183 183 183 183 183 183 183 183 183 183 183 1147 183 -1
15: 1074 10 1075 10 10 10 -1
15: 84 -1
15: 1262 199 -1
15: 21 -1
15: 154 84 -1
47: 259 -1
1014: 154 84 -1
1014: 481 788 306 -1
15: 41 481 778 31 183 41 41 41 781 41 41 782 783 784 487 786 787 788 789 306 -1
15: 481 306 789 -1
15: -1
15: 58 1040 1035 186 -1
1164: 11 643 1811 910 58 1753 65 407 1262 -1
1529: 6 58 1512 272 229 1288 287 910 -1
2: 58 1413 1753 643 65 519 2 881 10 1241 -1
1931: 58 -1
177: 58 3 407 1221 -1
1529: 58 -1
2: 1753 519 899 643 404 154 1413 1006 31 259 208 316 1512 788 1455 58 103 384 2 1811 520 517 901 -1
1531: 910 1439 1463 142 1552 58 -1
15: 520 5 1241 3 789 58 819 901 -1
1529: 58 -1
1947: -1
1318: 12 -1
94: 40 481 -1
94: 40 207 47 2 519 -1
94: 207 1350 40 11 -1
94: 40 -1
15: 5 40 643 426 2 519 5 51 952 47 1504 1541 472 738 773 1800 -1
94: 47 40 -1
12: 40 -1
1318: 40 -1
1529: 40 47 976 1271 11 -1
94: 40 1576 -1
94: 1350 40 -1
94: 40 -1
94: 1811 643 40 12 37 -1
94: 29 47 40 409 208 -1
94: 40 -1
12: 31 -1
31: 40 -1
200: 1554 1006 5 472 519 40 738 186 1532 1504 643 47 12 -1
1981: 12 1460 1554 40 2 -1
15: 40 -1
94: 40 5 -1
15: 40 5 -1
37: 1537 40 1413 2 -1
1984: 40 11 -1
1931: 270 759 1536 40 426 47 972 643 1493 47 58 -1
31: 481 21 40 1011 169 633 -1
1947: 400 1413 643 40 29 25 783 -1
94: 109 660 40 -1
119: 1691 40 -1
1064: 916 164 2 3 40 426 946 1500 516 11 893 873 29 816 -1
1065: 40 660 -1
29: 40 400 1413 643 47 2 -1
21: 40 31 4 -1
1066: 40 -1
1067: 40 -1
1010: 660 1413 519 40 -1
1056: 40 946 0 -1
1057: 40 12 47 472 -1
1064: 21 11 633 4 40 5 12 10 816 1768 47 41 -1
1065: 882 1512 203 66 960 892 910 881 519 517 1811 487 893 1413 -1
340: 960 57 881 910 892 1512 960 1354 66 -1
340: 57 960 1463 892 3 1576 66 549 550 272 219 218 287 -1
1066: 203 3 31 66 960 881 1576 47 2 -1
21: 960 203 881 31 1576 3 66 1073 25 783 -1
47: -1
1065: 10 -1
10: -1
1074: 10 -1
10: 10 -1
10: 10 -1
1066: 10 -1
10: 10 -1
10: 10 -1
10: 10 -1
10: -1
2021: -1
2014: 585 31 -1
10: -1
57: -1
57: -1
1064: 1079 -1
51: 351 47 47 -1
2021: 51 590 47 351 -1
47: 51 349 350 591 47 351 -1
47: 51 350 47 351 -1
47: 51 47 351 -1
47: 51 47 351 -1
47: 51 47 351 -1
47: -1
1057: -1
1081: -1
531: -1
1064: -1
577: -1
1074: -1
1064: -1
531: 351 -1
531: 51 590 47 351 -1
47: 51 590 47 351 -1
47: 51 590 47 351 -1
47: 51 47 590 351 -1
47: -1
584: -1
2050: 51 590 47 351 -1
47: 58 199 391 -1
58: 1413 58 -1
2021: -1
1085: 259 899 517 58 -1
584: 58 -1
1074: 58 108 -1
2051: 11 206 84 -1
205: 58 -1
565: 11 206 84 1683 -1
200: 1262 1241 259 899 517 58 -1
1074: 1512 1826 -1
2050: 4 58 -1
1064: 58 1815 -1
2051: 58 -1
592: 914 1773 1239 519 58 1493 243 520 94 -1
229: 31 17 868 952 1471 759 1460 520 773 207 384 1493 243 1504 169 1540 5 470 1549 960 58 -1
187: 58 -1
2066: 773 1241 94 58 1493 51 1239 432 1438 47 -1
1091: 58 47 -1
21: 920 1826 21 1809 1212 924 921 934 47 931 1811 450 914 927 58 1776 459 186 41 519 1413 407 881 -1
531: 58 -1
1074: 1457 21 10 520 508 351 12 41 58 114 643 186 103 21 481 1241 -1
592: 58 1101 25 783 -1
47: 48 -1
1023: 1601 48 1106 -1
2066: 1601 48 1106 -1
2066: 1601 48 1106 -1
64: 48 -1
2068: 1512 519 1601 881 48 1005 976 74 10 844 1310 264 21 481 -1
1064: 549 514 519 11 229 550 899 10 407 819 1178 973 1413 1811 103 48 643 21 -1
2077: 893 48 47 58 440 407 1811 1440 946 351 47 -1
21: 643 264 48 -1
2058: 893 48 31 -1
351: 643 2 48 -1
57: 1601 48 1106 -1
58: 1601 1106 48 -1
64: 1601 48 1106 -1
10: 1552 48 -1
190: 1245 48 -1
194: 520 47 893 885 470 48 -1
94: 48 1413 -1
2077: 48 -1
37: 957 48 -1
2058: 1601 48 1106 -1
64: 1601 48 1106 -1
64: 1601 48 1106 -1
64: 1601 48 1106 -1
64: 1245 1601 48 1106 -1
64: 21 183 484 -1
168: 1413 5 11 203 443 48 31 -1
109: 272 881 103 519 893 885 886 48 1005 550 10 516 1554 1011 -1
176: 66 -1
98: -1
166: -1
176: 10 -1
14: 10 -1
65: -1
156: 74 -1
166: 74 -1
219: 74 -1
606: 7 31 1552 74 1554 395 -1
14: 1554 31 58 74 264 -1
2103: 37 -1
293: 470 2 1457 58 400 264 1258 31 31 545 74 1244 -1
231: 74 -1
5: 74 -1
166: 1011 549 1005 514 1552 74 -1
284: 74 -1
229: 207 94 899 519 643 1413 74 2 443 41 520 9 5 10 1005 1011 322 1015 1552 -1
190: 264 74 1554 7 -1
176: 264 74 1554 7 10 -1
190: 74 -1
176: 1011 518 74 11 395 10 -1
176: 74 -1
2: 517 186 1258 264 1554 899 31 1256 74 519 1006 973 7 -1
265: 31 656 741 11 1413 519 207 259 1235 643 58 514 74 -1
176: 74 -1
290: -1
190: -1
65: 626 -1
10: 31 47 31 109 109 109 21 -1
31: -1
84: -1
84: -1
84: -1
84: 12 -1
108: 12 -1
31: 12 -1
31: -1
0: 77 -1
190: 77 -1
64: 77 -1
331: 400 77 -1
474: 1006 1239 1025 3 408 519 47 94 373 -1
65: 199 -1
229: -1
17: -1
37: -1
10: -1
10: -1
10: -1
10: -1
190: -1
37: -1
115: 1262 -1
37: 7 -1
37: 199 -1
229: 21 -1
84: 199 -1
84: 199 -1
37: 58 57 47 57 47 57 47 57 47 57 -1
191: 58 519 899 207 -1
176: 58 47 -1
21: 58 1142 -1
84: 58 -1
2119: 1006 1239 58 665 41 41 520 -1
2115: -1
108: -1
108: -1
108: -1
31: -1
14: -1
237: 633 383 634 383 -1
48: 633 383 634 383 -1
48: 633 383 634 383 -1
48: 633 383 634 383 -1
108: 633 383 634 383 -1
48: 633 383 634 383 -1
48: 633 383 634 383 -1
37: 48 11 1776 849 12 759 11 203 873 -1
37: -1
148: 633 383 634 383 -1
48: 633 383 634 383 -1
37: 696 47 48 47 773 457 -1
37: 633 383 634 383 -1
10: 633 383 634 383 -1
48: 633 383 634 383 -1
190: 633 383 634 383 -1
48: 633 383 634 383 -1
48: 10 -1
48: 633 383 634 383 -1
37: 1776 -1
31: 41 -1
31: 268 -1
31: 81 1006 -1
191: 81 -1
47: 81 -1
47: 81 -1
2147: 81 -1
65: 81 1011 899 -1
31: 1512 154 508 81 1194 1474 952 1241 207 1006 164 272 881 1169 3 1024 899 643 1228 956 886 2 519 287 901 -1
31: -1
2119: 66 237 630 237 630 66 1154 1155 237 630 237 630 237 630 237 -1
98: 1151 1152 237 66 66 1156 66 1157 66 66 66 66 -1
11: 1151 1152 237 66 66 1156 66 1157 66 66 66 66 -1
131: 1151 1152 237 66 66 1156 66 1157 66 66 66 66 -1
131: 1151 1152 237 66 66 1156 66 1157 66 66 66 66 -1
131: 1151 1152 237 66 66 1156 66 1157 66 66 66 66 -1
131: 66 237 630 237 630 66 1154 1155 237 630 237 630 237 630 237 -1
66: 66 237 630 237 630 66 1154 1155 237 630 237 630 237 630 237 -1
19: 66 237 630 237 630 66 1154 1155 237 630 237 630 237 630 237 -1
131: 1151 1152 237 66 66 1156 66 1157 66 66 66 66 -1
2173: 1151 1152 237 66 66 1156 66 1157 66 66 66 66 -1
619: 1151 1152 237 66 66 1156 66 1157 66 66 66 66 -1
31: 1151 1152 237 66 66 1156 66 1157 66 66 66 66 -1
131: 1151 1152 237 66 66 1156 66 1157 66 66 66 66 -1
131: 1151 1152 237 66 66 1156 66 1157 66 66 66 66 -1
131: 1151 1152 237 66 66 1156 66 1157 66 66 66 66 -1
131: 1151 1152 237 66 66 1156 66 1157 66 66 66 66 -1
131: 1151 1152 237 66 66 1156 66 1157 66 66 66 66 -1
131: 1151 1152 237 66 66 1156 66 1157 66 66 66 66 -1
48: 66 237 630 237 66 1154 1155 237 630 237 630 237 630 237 -1
48: 66 237 630 237 66 1154 1155 237 630 237 630 237 630 237 -1
131: 66 237 630 237 630 66 1154 1155 237 630 237 630 237 630 237 -1
48: 66 237 630 237 66 1154 1155 237 630 237 630 237 630 237 -1
48: -1
11: 66 237 630 237 630 66 1154 1155 237 630 237 630 237 630 237 -1
48: 66 237 630 237 630 66 1154 1155 237 630 237 630 237 630 237 -1
48: 66 237 630 237 630 66 1154 1155 237 630 237 630 237 630 237 -1
14: 66 237 630 237 630 66 1154 1155 237 630 237 630 237 630 237 -1
48: 66 237 630 237 630 66 1154 1155 237 630 237 630 237 630 237 -1
48: 66 237 630 237 630 66 1154 1155 237 630 237 630 237 630 237 -1
66: 66 237 630 237 630 66 1154 1155 237 630 237 630 237 630 237 -1
48: 66 237 630 237 66 1154 1155 237 630 237 630 237 630 237 -1
66: -1
1157: -1
2177: -1
2231: -1
48: -1
617: -1
619: -1
2231: -1
48: -1
617: 1178 -1
14: -1
619: -1
629: 1245 -1
550: -1
358: -1
1110: -1
631: -1
108: -1
48: -1
48: -1
48: -1
2147: 47 -1
11: 1167 -1
48: -1
14: -1
37: -1
48: -1
617: -1
48: -1
108: -1
310: -1
619: 1245 -1
37: -1
37: -1
1147: -1
2148: -1
2231: -1
108: -1
629: -1
37: -1
108: -1
37: -1
37: -1
2: -1
1110: -1
65: -1
650: -1
21: -1
2173: -1
31: -1
1115: -1
108: 1245 -1
619: -1
131: -1
21: 21 -1
628: -1
1209: -1
1148: -1
1157: -1
2173: -1
14: 1245 -1
11: -1
11: -1
13: -1
29: 21 -1
65: -1
47: -1
628: -1
11: 5 -1
31: -1
31: -1
108: 1265 -1
1147: -1
37: -1
1147: -1
1166: -1
1176: -1
108: -1
1229: -1
174: -1
1156: -1
617: -1
1147: -1
1148: -1
1229: -1
65: -1
31: -1
1156: -1
1231: -1
31: -1
629: 11 -1
617: 517 -1
31: -1
1231: -1
2: -1
84: -1
47: -1
47: 47 -1
21: -1
628: -1
2147: -1
2147: -1
2147: 31 881 272 1463 3 287 -1
2147: 287 1819 31 -1
2147: 186 10 1819 31 -1
2147: 10 31 287 -1
2147: 31 537 -1
2147: 0 -1
2147: 37 -1
2147: 37 -1
84: 37 -1
2147: 37 -1
2147: 10 -1
2147: 10 -1
2147: 10 -1
2147: 10 -1
2147: 10 -1
2147: 10 -1
1156: 10 -1
2147: 10 -1
2147: 10 -1
2147: 57 64 64 64 84 65 1671 1674 -1
2147: 77 782 -1
2147: -1
2147: 47 -1
166: -1
166: 1254 47 -1
166: -1
1176: -1
166: -1
1250: -1
166: -1
108: -1
166: 1250 47 47 -1
166: -1
166: -1
2147: -1
166: -1
631: 11 643 47 1254 207 519 -1
166: -1
166: 1260 -1
166: 1260 -1
166: 1260 -1
166: 1413 1260 -1
166: 1260 -1
166: 1260 -1
166: 1260 -1
166: 1260 -1
166: 1260 -1
166: 1260 -1
166: -1
2147: -1
319: -1
65: -1
319: -1
617: -1
617: -1
319: -1
319: -1
108: -1
108: -1
1166: 65 -1
1164: 881 65 -1
1164: 3 77 1811 1221 1223 283 881 1437 426 1177 1463 960 -1
2148: 408 881 1413 -1
2148: 81 47 -1
2148: 81 47 2 -1
2148: 643 142 514 91 384 873 1268 470 -1
2148: 91 -1
108: -1
614: 91 -1
1165: 5 91 506 1268 -1
617: 91 -1
617: 91 -1
617: 893 384 91 470 1268 -1
166: 91 -1
166: 1116 384 91 50 953 643 47 -1
1165: 91 -1
1174: -1
2148: 408 -1
2148: -1
2148: -1
617: -1
2148: -1
2148: -1
2148: -1
617: -1
108: -1
521: -1
617: -1
521: 21 11 11 11 11 11 11 11 11 -1
21: 21 481 1350 21 -1
614: 94 1277 -1
2148: 94 13 -1
2148: 899 94 154 -1
2148: 1277 13 -1
617: 13 -1
617: 407 94 -1
108: 94 899 -1
108: 103 94 1413 2 -1
166: 94 -1
1174: 94 -1
108: 94 1811 -1
108: 942 94 -1
108: 94 -1
37: 2 899 887 1347 94 154 519 -1
17: 94 1470 1413 887 1277 -1
168: 643 40 183 94 64 65 103 -1
168: 94 -1
168: -1
2148: 65 84 -1
619: -1
84: -1
84: 1812 932 896 2 84 -1
168: 1497 407 881 3 84 -1
168: 246 1776 919 3 920 84 288 272 1790 450 937 938 1809 1818 -1
2: -1
84: 84 1811 1512 47 -1
108: 41 31 905 84 -1
65: 84 -1
31: -1
84: 1811 1512 84 84 -1
47: 1811 1512 84 -1
95: 1244 157 84 283 288 849 272 -1
1173: 2 84 643 93 901 1350 -1
2440: 1244 157 84 470 -1
2280: 897 93 877 84 351 154 1133 207 470 47 481 1244 157 84 288 57 -1
1274: 1554 288 84 355 973 -1
2148: -1
229: 84 -1
57: 1505 288 84 5 879 529 -1
57: 424 423 84 -1
57: -1
31: -1
1209: -1
177: -1
108: -1
319: -1
651: -1
395: -1
3: -1
3: 5 29 -1
31: 37 246 246 246 246 1299 1300 1301 -1
29: -1
177: 1276 29 -1
1177: 29 1303 -1
3: -1
148: -1
47: -1
11: -1
3: -1
84: -1
148: -1
2148: -1
206: -1
14: -1
148: -1
148: -1
14: -1
148: -1
177: -1
148: -1
148: -1
148: -1
148: -1
3: -1
148: -1
148: -1
110: -1
210: -1
210: -1
37: -1
37: -1
1231: -1
41: 2 -1
166: 2 -1
166: 2 -1
37: 2 21 519 9 -1
166: -1
166: 2 -1
166: -1
166: 47 47 25 -1
41: 1310 -1
166: 25 -1
166: 2 47 47 25 -1
166: 1310 25 -1
166: 25 -1
166: -1
166: -1
166: -1
166: -1
166: -1
210: -1
166: 94 -1
166: 64 1011 270 -1
166: 64 -1
166: 64 -1
166: 64 -1
1210: 514 64 -1
166: 411 11 64 94 1413 11 643 -1
166: 1413 519 40 1006 1460 65 5 650 520 -1
166: 65 1208 5 288 41 455 65 207 407 14 103 2 -1
166: -1
166: 910 882 3 1512 892 31 407 207 41 905 31 1023 41 520 65 270 643 894 849 1794 1208 1354 41 -1
166: 1006 65 41 -1
166: 517 58 41 41 849 65 1170 819 4 40 -1
166: -1
166: 270 -1
173: 270 -1
81: 91 91 1331 678 2 2 679 1335 681 93 682 683 1339 93 1342 2 -1
166: -1
1229: 2 91 1331 1335 -1
1229: 91 91 -1
91: 91 91 1331 678 2 2 679 1335 681 93 682 683 1339 93 1342 2 -1
1229: -1
1229: 81 678 2 1335 -1
1229: 81 1331 679 2 1335 1339 2 -1
1156: -1
166: -1
108: -1
2541: -1
1109: -1
1310: -1
177: -1
1231: -1
31: -1
1109: -1
1176: -1
166: 791 81 -1
1250: 679 -1
1251: -1
1109: -1
1310: -1
31: -1
65: -1
1187: -1
166: -1
1187: -1
31: -1
1156: -1
1187: -1
1187: -1
31: -1
1187: -1
14: -1
57: -1
57: -1
1187: -1
1187: -1
1187: -1
119: -1
1156: -1
1187: -1
166: -1
1187: -1
1187: -1
1187: -1
1187: -1
1187: -1
1187: -1
1187: -1
1187: -1
177: -1
1147: -1
1187: -1
1187: -1
1187: -1
1187: -1
2: -1
2: -1
1187: -1
1187: -1
84: -1
84: -1
1187: -1
14: -1
1187: -1
1187: -1
1187: -1
1187: -1
1310: -1
1310: -1
1187: -1
1310: -1
1310: -1
1310: -1
1310: -1
1310: -1
1310: -1
1310: -1
1147: -1
1310: -1
1187: -1
77: -1
1310: -1
1310: -1
1310: -1
1310: -1
1310: -1
1310: -1
1310: -1
1310: -1
1147: -1
1310: -1
1310: -1
1310: -1
1310: -1
176: -1
1310: -1
176: -1
1310: -1
319: -1
319: -1
1310: -1
1310: -1
474: -1
1310: -1
1310: -1
1310: -1
1310: -1
14: -1
1310: -1
1310: -1
1310: -1
14: -1
1310: -1
1310: -1
1310: -1
1310: -1
14: -1
1310: -1
1310: -1
65: -1
31: -1
31: -1
31: -1
1310: -1
31: -1
31: -1
319: 1811 881 -1
14: -1
14: -1
31: -1
14: -1
231: -1
1310: -1
617: -1
1310: -1
110: -1
1310: -1
1310: -1
1310: -1
47: -1
1310: -1
119: 910 2 2 3 426 103 518 424 -1
187: 103 -1
1110: 424 1413 1288 1308 4 1552 2 519 103 31 422 899 470 316 407 424 1011 892 -1
57: -1
1110: 57 -1
21: 41 4 5 272 47 3 -1
21: 93 -1
2421: 93 -1
2414: 907 93 -1
2421: -1
2414: -1
2421: -1
1191: -1
6: -1
319: 1413 13 47 2 -1
21: 13 -1
614: 13 -1
2429: -1
2421: 13 1413 -1
2: 13 -1
614: -1
13: 1006 207 13 -1
1166: 520 2 519 919 2 349 908 899 287 553 892 13 268 -1
2429: 349 760 508 1240 1413 532 656 5 14 1443 103 1554 519 1502 207 13 -1
1177: -1
1331: 21 183 484 552 183 484 183 -1
31: 423 -1
2209: 109 13 957 1486 -1
614: 656 13 -1
1177: 643 -1
614: 849 1356 13 2 -1
2157: 13 -1
2: 1470 154 1482 25 207 1241 1240 349 1356 1413 2 519 13 1753 94 520 31 899 1486 207 -1
1177: 1352 -1
119: 13 -1
2: 519 -1
358: 760 13 -1
664: 40 13 -1
614: 13 142 1413 1208 64 31 142 519 899 946 2 -1
2431: 21 183 484 -1
31: 21 183 484 -1
31: 1288 47 422 1413 1512 5 1439 65 519 0 892 1552 910 360 899 207 103 3 2 1241 2 259 1811 287 207 84 272 881 1494 84 643 316 1208 1178 508 585 517 588 1556 1006 154 94 400 209 31 229 -1
277: 422 47 47 -1
47: -1
1265: 422 -1
1351: 1381 706 470 1376 1386 1391 1389 1390 1379 428 706 428 47 57 701 1373 1374 1375 429 29 47 -1
664: 422 47 709 47 428 47 47 -1
21: 422 47 709 47 428 47 47 -1
1154: 706 422 422 1376 1379 707 47 1393 47 428 706 428 706 428 709 47 428 47 47 47 422 -1
2: 422 47 -1
2157: 422 47 428 47 -1
664: -1
110: -1
1347: -1
521: -1
319: -1
31: -1
319: -1
2147: -1
2147: -1
2147: 422 709 47 1382 1373 -1
2147: 422 47 1373 428 47 -1
2147: 1381 706 470 1386 1379 1376 1391 1389 1390 428 706 428 47 57 701 1373 1374 1375 429 29 47 -1
110: 706 1381 470 1379 1376 1386 1391 1389 1390 428 706 428 47 57 701 1373 1374 1375 429 29 47 -1
1177: 1381 706 470 1379 1376 1386 1391 1389 1390 428 706 428 47 57 701 1373 1374 1375 429 29 47 -1
11: 706 1381 470 1386 246 1376 1391 1389 1390 1379 428 706 428 47 57 701 1373 1374 1375 429 29 47 -1
614: -1
1164: 47 470 -1
651: -1
395: 47 470 -1
1207: 47 470 -1
651: 422 47 1393 47 -1
701: 422 47 1373 -1
110: 422 47 1382 1373 -1
355: 422 47 1393 47 -1
110: 422 -1
110: 422 47 47 -1
1156: 422 47 47 709 47 428 47 -1
29: 422 47 709 47 428 47 47 -1
2474: 422 47 47 -1
651: 1381 706 470 1391 707 1376 1386 1389 1390 1379 428 706 428 47 57 701 1373 1374 1375 429 29 47 -1
1358: -1
2: -1
428: -1
428: -1
428: -1
428: -1
1166: 706 1381 470 57 701 1373 1375 1374 429 -1
2474: 706 1381 470 1376 1386 1391 1389 1390 1379 428 706 428 47 57 701 1373 1374 1375 429 29 47 -1
1358: 470 706 57 701 1373 1374 1375 1376 429 1381 1386 1391 1389 1390 1379 428 706 428 47 29 47 -1
31: -1
1347: 422 -1
1351: 422 -1
1351: 422 -1
1351: 422 -1
1351: -1
1347: 422 -1
110: 422 -1
1351: 422 -1
2157: 422 11 246 246 47 47 709 428 47 47 -1
108: 422 11 246 246 47 709 47 428 47 47 -1
29: 422 11 246 246 246 47 713 709 47 428 47 47 -1
29: 422 11 246 246 246 47 1382 709 47 428 47 47 -1
177: 422 11 246 246 47 709 47 428 47 47 -1
29: 422 11 246 246 246 246 47 709 47 428 47 47 -1
148: 422 11 246 246 47 709 47 428 47 47 -1
148: -1
148: 109 881 892 1413 47 -1
148: 109 -1
148: 109 1413 892 881 1394 25 783 -1
148: 109 5 938 -1
148: 899 109 40 1006 519 1552 643 520 -1
1147: 1551 1512 520 517 109 207 868 229 1178 -1
148: 21 183 484 -1
148: 1439 1463 94 109 422 -1
148: 109 -1
148: 21 183 484 -1
148: 899 519 520 207 40 643 41 109 1241 1413 -1
148: 1006 760 109 -1
148: 3 -1
148: 1463 -1
31: 77 47 1512 3 287 1819 65 1463 1811 407 432 422 914 1221 907 1354 881 272 789 892 31 229 2 1439 426 1550 656 1208 652 1485 -1
148: 1349 -1
148: -1
148: -1
148: -1
148: -1
148: -1
148: -1
2819: -1
1404: -1
108: -1
148: -1
148: -1
148: -1
148: -1
148: -1
148: 1006 -1
148: -1
148: -1
148: -1
148: 1245 -1
148: -1
148: -1
148: -1
148: -1
148: -1
148: -1
148: 21 -1
148: -1
148: -1
29: -1
1176: -1
2174: -1
1176: -1
65: -1
148: -1
647: 1006 455 735 -1
2: -1
1305: -1
647: -1
37: -1
2511: -1
1306: -1
148: -1
1231: -1
647: -1
410: -1
110: -1
14: -1
11: -1
410: -1
1209: -1
410: -1
148: -1
11: -1
1157: -1
2514: -1
166: -1
47: -1
47: -1
47: -1
148: -1
47: -1
47: -1
47: -1
47: -1
47: -1
47: -1
47: -1
47: -1
47: -1
47: -1
47: -1
47: -1
47: -1
47: -1
1306: -1
47: -1
108: -1
47: -1
47: -1
47: -1
47: 1245 -1
47: -1
47: -1
47: -1
47: -1
47: -1
47: -1
47: -1
47: -1
47: -1
47: -1
47: -1
47: -1
47: -1
47: 21 -1
47: -1
47: -1
47: -1
47: -1
47: -1
47: 12 -1
47: -1
47: -1
47: -1
47: -1
47: -1
47: -1
47: -1
47: -1
47: -1
47: -1
47: -1
47: -1
47: -1
47: -1
47: -1
47: -1
47: -1
47: -1
47: -1
47: -1
47: -1
47: -1
47: -1
47: -1
47: -1
47: -1
47: -1
47: -1
47: -1
47: -1
47: -1
47: -1
47: -1
47: -1
47: -1
231: -1
2514: -1
166: -1
25: -1
25: -1
47: -1
1174: -1
517: -1
1231: 21 -1
1210: -1
2: -1
37: -1
1314: 519 -1
1210: -1
1241: -1
47: -1
1314: -1
1514: -1
1514: -1
148: -1
148: -1
148: -1
148: -1
47: -1
148: -1
14: -1
2: -1
1531: -1
148: -1
148: -1
148: -1
148: -1
148: -1
1531: -1
14: -1
37: -1
1110: -1
407: -1
25: -1
148: -1
47: -1
65: -1
1541: -1
1550: -1
37: -1
407: 1567 11 1020 -1
148: -1
41: -1
477: -1
1021: -1
1331: -1
1310: 1561 781 41 207 41 782 25 783 -1
47: 487 -1
447: 487 910 1577 789 1576 229 306 407 792 1602 65 1463 207 287 2 1512 892 1221 -1
1317: 487 -1
1317: 487 -1
1317: -1
1317: 487 789 1811 -1
1317: 487 287 1577 1578 791 1574 792 793 272 306 791 270 -1
1317: -1
1321: -1
110: -1
1321: -1
95: -1
1317: 21 199 -1
781: -1
157: -1
157: -1
411: 21 199 -1
110: -1
1310: -1
110: -1
791: 910 -1
41: 1602 -1
41: -1
1251: -1
41: -1
791: -1
1331: -1
1317: 395 -1
157: 794 -1
791: 81 -1
81: 81 -1
81: -1
110: -1
1584: 496 -1
103: 496 -1
103: -1
110: 496 -1
103: -1
1531: -1
209: 54 13 795 1596 -1
1591: 443 1596 -1
1588: 54 13 -1
1531: 443 1596 -1
3010: 443 54 13 54 -1
1591: -1
81: -1
521: -1
521: -1
521: -1
521: -1
521: -1
521: -1
521: -1
41: -1
521: -1
521: -1
521: -1
521: -1
521: -1
521: -1
521: -1
521: -1
521: 54 13 795 1596 -1
3010: 54 13 795 1596 -1
2: 54 13 795 1596 -1
2: 54 13 795 1596 -1
2: 54 13 795 1596 -1
2: 54 13 -1
1584: 795 13 54 1596 -1
3055: 443 1596 -1
157: 795 13 54 1596 -1
1531: 54 13 795 1596 -1
2: 54 13 795 1596 -1
2: 54 13 795 1596 -1
2: 54 13 795 1596 -1
2: 443 1596 -1
157: 443 1596 -1
1584: 443 1596 -1
157: 443 1596 -1
157: 443 1596 -1
157: 443 1596 -1
157: 443 1596 -1
157: 443 1596 -1
157: 443 1596 -1
157: 443 1596 -1
157: 54 13 795 1596 -1
521: 54 13 795 1596 -1
2: 54 13 795 1596 -1
791: 795 13 54 1596 -1
110: 54 13 -1
3084: 54 13 795 1596 -1
2: 54 13 795 1596 -1
2: 54 13 795 1596 -1
2: 795 13 54 1596 -1
110: 795 13 54 1596 -1
110: 795 13 54 1596 -1
110: 443 1596 -1
157: 443 1596 -1
157: 443 1596 -1
157: 443 1596 -1
174: 443 1596 -1
157: 443 1596 -1
157: 443 1596 -1
250: 795 13 54 1596 -1
110: 54 13 -1
1584: 54 13 795 1596 -1
10: -1
347: -1
41: -1
365: 199 -1
93: -1
391: -1
10: -1
674: -1
1531: 4 849 186 41 84 10 -1
331: 4 849 819 16 -1
1558: -1
365: -1
1021: 47 -1
21: 207 455 1006 5 957 11 94 1406 1552 84 -1
2: 186 207 84 -1
208: 2 520 643 154 730 1006 899 1634 84 -1
3109: 1634 2 1461 84 -1
208: 284 520 643 94 1406 84 -1
208: 1430 207 1634 84 -1
3109: 84 455 -1
365: 257 519 643 1634 5 207 520 -1
1584: 0 1406 84 1634 -1
390: 342 1413 643 1006 5 257 1634 21 899 31 519 520 84 2 400 1463 -1
3109: 169 520 1552 84 643 -1
347: 84 -1
2: 169 1413 31 84 -1
238: 84 1634 -1
384: 11 287 31 207 103 1241 973 1551 1515 84 665 0 1413 838 -1
347: 1413 154 284 520 29 1241 1406 5 207 1006 84 25 783 -1
47: 286 84 154 -1
238: 877 84 -1
395: 21 183 484 -1
31: 1413 643 169 1006 520 517 400 -1
3109: 84 481 -1
29: 37 -1
3109: 520 84 207 -1
203: 1634 84 -1
2: 94 -1
3109: 519 520 21 5 84 2 643 1683 522 1006 1413 207 899 270 1552 103 207 31 -1
347: 84 1406 643 519 -1
347: 1634 94 519 1406 84 5 -1
21: 84 -1
207: 284 643 84 -1
2: 84 -1
2: 84 94 1406 -1
2: 1409 520 1239 31 519 899 84 868 207 1413 -1
2: 84 1618 868 1406 -1
3109: 84 -1
255: 84 1634 284 3 31 -1
11: 84 -1
187: 84 -1
255: 207 84 284 -1
357: 899 11 517 349 84 1634 1413 207 519 1482 643 1354 5 -1
238: 84 37 819 2 -1
238: 84 3 2 -1
10: 284 84 1634 -1
3110: 1006 -1
208: -1
255: 21 -1
347: 816 899 -1
29: -1
3115: 816 37 11 25 783 -1
47: 816 37 -1
95: 37 -1
1109: 37 816 47 -1
31: 21 183 484 552 183 484 183 -1
10: -1
203: -1
2: -1
1602: 109 -1
2: 109 -1
47: 109 -1
2: -1
331: -1
238: 110 -1
238: 881 110 1784 819 -1
148: 209 110 11 643 1381 1241 -1
3115: 110 207 643 520 470 956 1006 519 -1
1609: 131 1381 1241 9 110 819 11 -1
1609: 643 1647 110 -1
2: 11 209 110 -1
3115: 481 2 1413 696 47 2 -1
2: 514 2 520 47 -1
21: 2 -1
2: 696 481 2 1652 25 783 -1
47: 2 47 656 2 643 -1
238: 2 529 952 -1
203: 2 1552 2 2 -1
3115: 2 643 -1
1609: 21 -1
3110: 21 -1
109: 10 922 941 916 50 164 913 50 41 2 910 11 2 94 868 450 2 31 -1
340: 1413 696 2 481 -1
95: 21 -1
347: -1
47: 829 57 108 -1
47: -1
664: -1
310: -1
425: -1
1404: -1
6: -1
6: -1
1187: -1
331: 5 57 -1
29: 21 -1
1404: 1005 1015 1011 514 57 207 11 207 270 316 -1
3173: 287 519 1439 57 1659 272 154 881 1512 2 -1
110: 57 -1
47: 57 -1
3119: 2 -1
1187: -1
77: 31 154 57 47 108 829 -1
203: -1
77: 108 -1
77: 57 108 -1
29: 57 1011 -1
2: 57 25 783 -1
77: -1
2: 103 -1
2: -1
425: -1
2: -1
2: -1
21: 1241 64 -1
2: 12 11 64 10 -1
2: 64 -1
2: 1413 64 -1
2: 12 283 64 -1
425: -1
109: 522 1818 -1
3177: 64 -1
3231: 1006 64 -1
2: -1
109: 64 287 25 783 -1
47: 880 41 -1
474: 207 2 -1
2: -1
109: 529 64 265 899 1463 1350 -1
21: 64 910 893 1189 -1
3177: 41 64 -1
474: -1
109: 21 2 -1
3115: 1011 11 169 94 1006 514 11 64 519 -1
3250: 1679 1680 1681 1682 1683 1684 -1
3119: 206 -1
3177: 11 206 -1
29: 1682 -1
2: 206 11 1681 1680 1679 -1
2: -1
1621: -1
395: 1678 1682 1684 -1
2: 1678 1682 1684 -1
21: -1
90: -1
2: -1
1400: -1
2: -1
3205: -1
1381: 65 -1
3203: -1
1671: -1
1407: 21 -1
825: 21 -1
3148: 350 1239 849 91 878 288 5 432 11 423 11 5 -1
3231: 1768 41 894 1776 1767 47 1011 459 91 -1
3205: 1737 154 41 1750 906 2 921 894 926 1812 1818 1815 956 350 91 455 643 -1
1381: 11 41 927 316 3 1812 910 350 91 643 1803 946 408 -1
1609: 520 921 1208 643 91 -1
7: 927 538 937 1812 2 47 517 643 41 5 902 -1
109: 199 -1
1407: -1
1540: 849 -1
3177: 131 -1
347: 131 508 21 -1
2: 131 -1
31: 131 -1
450: 131 -1
3157: 131 1262 -1
3119: 131 -1
3177: 850 131 -1
1641: 11 131 -1
77: 131 1474 -1
31: 131 -1
841: 131 -1
450: 131 -1
450: 131 -1
3229: 131 -1
3173: 131 -1
10: 131 -1
3231: 131 -1
425: 131 -1
3229: 1811 1552 131 -1
1629: 9 131 1413 -1
347: 131 -1
109: 131 -1
450: 131 -1
425: 520 931 1514 1006 131 2 -1
47: 131 1463 -1
47: 519 881 131 207 -1
395: 131 229 1006 -1
3229: 21 131 1552 2 549 0 103 154 522 84 1413 1241 31 899 93 31 2 259 1178 1006 11 519 517 207 11 209 351 440 -1
3174: 131 -1
450: 131 -1
450: 131 -1
3241: 131 -1
395: 131 899 31 481 643 1413 881 1753 218 1006 41 -1
3142: 131 -1
11: 131 1811 1576 -1
3231: 131 -1
109: 131 -1
450: 520 131 1006 -1
3319: 131 -1
3174: 131 -1
347: 131 -1
231: 131 -1
450: 21 519 131 760 643 2 -1
1671: -1
231: -1
1431: -1
1671: -1
47: -1
517: -1
108: 7 -1
47: -1
3310: -1
512: -1
2: -1
848: -1
1621: -1
1621: 1262 21 -1
1621: -1
1621: -1
1621: -1
1621: -1
1621: -1
1621: -1
1621: -1
1621: -1
47: 943 643 -1
1621: 154 887 -1
1621: -1
1621: -1
1621: -1
1621: -1
1621: -1
1621: -1
450: 910 -1
1621: 1245 -1
1621: -1
1621: -1
1621: 41 -1
1621: -1
1621: -1
142: 893 881 882 896 21 -1
142: 11 906 519 -1
142: -1
3310: 910 -1
142: -1
1750: -1
142: 268 -1
3177: -1
142: -1
142: -1
142: -1
1621: -1
142: -1
1629: -1
142: -1
142: -1
142: 199 -1
142: -1
142: -1
142: -1
142: -1
142: -1
142: 84 -1
142: -1
142: -1
142: 199 -1
1621: -1
10: 199 -1
347: 199 -1
1400: -1
1400: -1
1400: -1
907: -1
274: -1
3205: -1
3205: -1
274: -1
274: -1
274: -1
3148: 21 -1
3148: -1
3148: -1
3148: -1
3148: -1
3164: -1
1794: -1
1784: -1
1400: -1
1400: -1
1400: -1
142: -1
142: -1
1784: -1
3164: -1
3148: -1
3148: 1463 -1
3148: -1
1400: -1
3148: 2 -1
3148: -1
3148: -1
1400: -1
3164: -1
931: -1
1400: -1
925: -1
925: -1
1794: 21 1245 -1
3148: -1
3148: -1
3148: -1
1400: -1
1400: -1
3205: -1
3164: -1
142: -1
29: -1
7: -1
7: -1
7: -1
1677: -1
21: -1
174: -1
174: -1
174: -1
3148: 1830 -1
90: 1006 94 1463 265 41 643 47 -1
21: 51 3 893 11 523 1241 404 519 94 207 643 529 400 29 760 1300 1536 -1
77: 529 513 41 1554 31 264 74 -1
174: 94 41 265 643 1463 13 25 783 -1
174: 21 481 265 94 1006 1463 41 643 47 -1
837: 350 1485 934 941 951 956 948 3 932 50 953 531 47 2 408 526 942 922 164 914 169 94 2 11 537 540 926 32 29 916 1482 1208 905 930 41 913 908 915 837 50 910 11 897 994 41 524 879 935 891 1788 905 1413 409 538 1269 270 -1
1693: 207 94 643 1753 -1
3164: 94 41 65 -1
347: 1811 29 937 11 1825 1826 93 1011 322 514 1015 407 1818 956 517 1776 1788 94 881 2 976 3 -1


