0: 83 -1
1: 90 -1
2: 83 98 99 100 -1
2: -1
4: -1
5: 21 -1
6: -1
7: -1
8: 161 83 2 -1
9: 163 166 167 168 -1
10: -1
11: 171 125 -1
12: -1
12: -1
6: -1
15: -1
16: 184 42 42 187 189 190 -1
17: 83 21 0 15 -1
15: 83 195 0 15 -1
19: 83 -1
20: 14 6 -1
21: 202 204 205 206 63 -1
22: 209 210 211 212 213 214 215 -1
22: -1
24: 216 -1
25: -1
26: 219 220 -1
27: 222 -1
28: 148 -1
29: -1
30: 230 231 232 233 235 236 238 4 -1
25: 148 -1
32: 281 -1
32: 163 -1
34: 283 83 -1
35: 285 286 -1
36: 287 -1
37: 290 -1
38: 291 -1
39: 150 -1
40: 293 295 -1
41: -1
42: 308 192 192 -1
42: 161 -1
44: 323 -1
19: -1
46: 103 152 152 152 5 -1
47: 358 359 -1
10: 360 199 362 363 171 125 -1
49: 127 83 152 -1
21: 216 -1
51: 370 -1
52: 374 205 376 377 378 -1
52: 383 210 -1
54: 83 386 387 83 83 83 83 83 211 212 -1
55: 395 396 397 2 23 -1
56: 83 386 387 83 83 83 83 83 211 212 -1
57: 25 174 -1
58: 401 -1
59: 83 211 -1
60: 125 -1
61: 414 -1
62: 427 -1
62: 429 221 42 2 433 434 0 62 21 438 439 440 441 442 20 64 445 229 447 126 448 449 450 188 13 453 454 235 456 14 174 126 460 23 14 126 464 465 225 0 0 0 169 23 174 239 473 474 475 476 -1
64: 518 3 3 -1
65: 32 10 7 174 2 199 360 199 -1
66: 537 -1
67: 106 19 548 550 106 -1
68: 597 -1
52: 600 601 -1
70: 35 114 154 609 152 152 185 152 152 185 152 152 152 26 185 11 152 152 624 185 185 185 185 -1
71: -1
72: 658 659 185 185 191 185 664 -1
72: 7 667 6 669 670 -1
40: 103 152 152 152 672 -1
75: -1
76: 675 676 677 -1
77: 221 222 -1
5: 679 306 -1
54: 427 681 -1
80: 687 688 689 320 -1
81: 714 158 716 331 719 -1
82: 723 334 313 726 313 313 729 730 731 313 313 313 313 313 313 738 126 313 -1
82: -1
84: 465 2 -1
71: 465 2 -1
86: 156 2 71 474 679 30 306 427 52 235 -1
87: 14 474 0 -1
88: 63 -1
89: 0 63 281 -1
90: -1
91: 90 -1
77: 90 -1
77: 1 -1
94: 1 -1
95: 1 -1
96: 1 -1
2: 58 155 -1
98: -1
99: -1
100: -1
2: 58 -1
102: 2 -1
102: 2 -1
2: -1
58: 155 2 2 -1
2: 442 -1
58: 2 2 -1
108: 58 2 -1
109: 19 59 2 19 88 280 548 484 155 -1
110: 19 59 2 19 280 548 484 155 -1
27: 4 231 230 -1
27: 235 236 238 4 231 230 -1
27: 5 40 679 19 4 30 -1
16: 19 30 4 52 -1
115: 19 30 4 -1
116: 52 30 19 4 -1
117: 59 276 88 30 4 -1
115: -1
119: 5 121 -1
88: 15 5 -1
121: 119 5 -1
14: 5 433 -1
14: 40 5 30 -1
124: 5 -1
125: 5 40 40 156 -1
126: 5 -1
99: 5 40 155 52 -1
99: 5 -1
129: 5 -1
130: 5 -1
125: 5 40 46 40 40 40 -1
61: 5 -1
61: 5 -1
88: 40 40 46 5 6 -1
135: 40 5 -1
21: 5 -1
102: 5 -1
98: 5 40 40 -1
91: 40 5 40 6 -1
140: 52 26 205 40 5 40 40 474 171 156 8 677 676 691 106 675 -1
141: 156 5 -1
142: 5 40 40 40 -1
142: 5 -1
144: 5 281 -1
119: 40 103 40 5 52 -1
102: 5 46 -1
147: 5 -1
110: 58 2 52 679 5 -1
90: 5 46 40 40 40 40 -1
121: -1
2: 83 98 99 100 -1
152: 99 -1
152: 99 -1
154: 99 -1
155: -1
156: -1
157: -1
158: 155 -1
42: 127 83 -1
160: 293 -1
161: -1
2: 58 -1
2: -1
164: 163 -1
8: 163 156 -1
166: 376 -1
167: 376 -1
168: -1
152: 163 -1
8: 163 -1
171: -1
125: -1
125: 171 155 -1
140: 63 61 12 52 21 157 691 30 26 19 -1
175: 82 69 -1
126: 82 69 -1
126: -1
15: 13 -1
154: 13 -1
12: -1
6: 13 40 -1
17: 6 -1
17: -1
184: -1
171: 127 83 -1
42: 187 -1
187: -1
14: -1
189: -1
190: -1
15: 161 -1
126: 548 19 59 -1
126: 13 59 -1
21: -1
195: -1
14: -1
12: -1
6: 20 -1
6: 20 -1
6: 20 -1
201: -1
202: -1
202: -1
204: -1
205: -1
206: 58 2 -1
63: 659 -1
19: 209 212 211 -1
209: -1
210: -1
211: 212 -1
212: -1
212: -1
26: -1
215: -1
216: -1
21: -1
215: -1
219: -1
220: -1
221: -1
222: -1
222: -1
26: -1
61: 29 -1
61: 29 -1
61: 29 -1
27: 230 231 232 233 235 236 238 4 -1
27: 230 -1
230: -1
61: -1
232: -1
232: -1
27: 231 230 -1
235: 30 -1
236: 231 230 -1
27: 231 230 -1
238: -1
27: 231 230 -1
240: 30 232 -1
61: 30 -1
27: 231 230 -1
27: 231 230 -1
244: 156 106 30 -1
219: 679 40 30 19 -1
246: 30 -1
247: 30 -1
210: 30 -1
27: 231 230 -1
221: 231 230 -1
251: 30 -1
252: 30 -1
252: 52 30 -1
254: 30 -1
156: 30 232 -1
27: 230 -1
27: 231 230 -1
27: 231 230 -1
259: 30 -1
162: 30 -1
261: 30 -1
27: 230 231 -1
27: 230 -1
264: 30 -1
160: 30 -1
151: 30 -1
267: 30 -1
27: 231 230 -1
252: 30 -1
170: 30 232 -1
156: 30 -1
156: 30 -1
156: 231 230 -1
240: 231 230 -1
275: 30 -1
276: -1
153: 30 -1
25: 209 210 30 212 -1
254: 19 30 -1
280: -1
281: 232 -1
8: 163 167 168 -1
8: -1
284: 42 360 -1
156: -1
286: -1
287: -1
288: 26 -1
181: 106 -1
290: -1
291: -1
153: 530 -1
153: -1
294: 293 295 -1
295: -1
118: 293 295 -1
22: -1
298: 41 -1
299: 41 -1
188: 41 -1
301: 41 -1
302: -1
302: 41 -1
16: 41 93 306 -1
99: 41 -1
306: 41 -1
14: 155 41 -1
308: -1
192: -1
192: -1
38: 161 -1
38: 161 -1
38: 161 -1
36: 323 -1
39: 323 -1
39: 323 -1
39: 323 -1
39: 323 -1
39: 323 -1
39: 323 -1
39: 323 -1
39: 323 -1
39: -1
39: 323 -1
39: 323 -1
39: 323 -1
39: 323 -1
39: 323 -1
39: 323 -1
39: 323 -1
39: 14 69 281 -1
40: 103 152 152 152 -1
40: 103 152 152 152 -1
40: 103 152 152 152 -1
40: 103 152 152 152 -1
40: 103 152 152 152 13 256 106 -1
152: -1
40: 103 152 152 152 -1
40: 103 152 152 152 13 256 -1
40: 103 152 152 152 59 106 19 -1
152: -1
40: 103 152 152 152 -1
40: 103 152 152 152 106 59 -1
40: 103 152 152 152 106 -1
39: -1
40: 103 152 152 152 -1
40: 103 152 152 152 -1
192: 103 152 152 152 -1
40: 103 152 152 152 -1
39: 103 152 152 152 -1
40: 152 152 152 -1
5: 679 -1
5: -1
354: 36 46 40 -1
355: 46 -1
356: 474 155 46 142 14 12 2 52 19 209 -1
5: 103 46 -1
358: -1
359: -1
360: -1
199: -1
362: -1
362: -1
127: -1
365: 127 -1
152: -1
42: 83 -1
93: 675 -1
5: 49 -1
370: -1
43: 370 -1
44: 374 205 -1
44: 374 205 -1
40: -1
205: -1
376: 166 -1
377: 52 -1
35: -1
354: 374 -1
177: 52 44 -1
381: 155 -1
209: 474 -1
209: -1
210: -1
43: -1
386: -1
387: -1
83: -1
83: -1
83: -1
83: -1
377: -1
377: -1
212: -1
395: -1
396: 83 -1
32: -1
47: 205 -1
83: -1
174: -1
401: 281 -1
402: 401 281 -1
402: 401 -1
218: 401 -1
50: 401 -1
50: 401 -1
83: -1
211: -1
125: -1
52: -1
52: 125 -1
52: 601 -1
52: 106 -1
46: -1
53: 414 -1
53: 414 -1
53: 414 -1
53: 414 -1
53: 414 -1
53: 414 -1
53: 414 -1
53: 414 -1
53: 414 -1
53: 414 -1
53: 414 -1
53: 414 -1
427: -1
54: 427 -1
429: -1
221: -1
53: -1
2: -1
2: 14 14 14 14 -1
434: -1
0: 269 -1
62: -1
21: -1
438: 161 -1
439: -1
440: -1
441: -1
442: -1
442: -1
64: -1
53: -1
229: -1
447: -1
52: -1
449: -1
53: -1
188: -1
13: -1
13: -1
454: -1
235: -1
456: -1
14: -1
174: -1
126: -1
460: -1
23: 171 -1
14: -1
14: -1
464: 2 -1
465: -1
225: -1
0: -1
0: -1
13: -1
23: -1
174: -1
239: -1
239: -1
440: 476 -1
475: -1
476: -1
477: 63 -1
45: 548 63 360 -1
454: 63 -1
21: 216 52 2 12 256 2 598 83 155 171 63 -1
238: 155 473 63 52 -1
482: 63 -1
482: 63 474 -1
484: 63 -1
174: 63 -1
486: 63 -1
487: 63 -1
252: 63 -1
489: 63 281 -1
490: 63 474 80 -1
191: 473 63 2 156 155 -1
477: 291 -1
477: 156 63 -1
494: 171 63 548 59 19 -1
249: 63 -1
496: 63 439 26 -1
42: 148 213 19 26 63 474 473 36 12 -1
247: 63 -1
247: 63 125 -1
500: 213 63 474 26 360 714 106 686 -1
80: 63 474 -1
502: 156 63 474 280 106 26 -1
502: 63 26 -1
22: 63 26 -1
505: 63 -1
55: -1
24: 213 19 26 63 474 473 36 12 -1
174: 156 155 52 2 42 63 675 -1
161: 52 63 98 -1
169: 55 63 52 58 -1
511: 63 675 -1
132: 63 -1
132: 19 474 63 -1
56: 213 19 26 63 474 473 36 12 -1
515: 156 484 63 -1
247: 63 -1
517: 161 597 18 52 19 63 548 360 14 -1
515: -1
3: -1
3: -1
521: 64 -1
266: 64 678 -1
266: 64 -1
266: 64 678 -1
266: 64 -1
56: 518 -1
527: 64 -1
528: 64 598 -1
529: 64 515 -1
530: -1
266: 161 83 2 -1
2: 83 98 99 100 -1
2: -1
199: -1
535: 281 -1
271: 281 -1
537: -1
58: -1
58: 537 -1
58: 2 -1
61: 26 -1
61: 13 152 152 -1
61: 59 -1
61: 280 -1
3: -1
59: -1
19: -1
169: 59 -1
59: -1
521: -1
106: -1
59: 106 -1
59: 67 126 -1
93: 67 548 -1
194: 67 106 591 59 126 -1
556: 67 -1
557: 67 59 -1
558: 67 -1
277: 67 -1
234: 67 548 59 19 -1
221: 67 -1
161: 67 -1
161: 67 -1
564: 67 2 126 -1
565: 59 59 550 67 106 -1
566: 67 548 -1
567: 67 -1
254: 67 80 -1
59: -1
570: 67 -1
239: 67 -1
572: 67 -1
572: -1
58: 67 -1
285: 67 -1
126: 67 106 -1
93: 155 59 67 302 201 -1
55: 2 365 67 -1
93: 67 59 59 550 59 59 52 83 13 -1
281: 67 548 -1
581: 67 -1
61: 19 67 -1
61: 67 59 548 -1
584: 67 -1
239: 67 -1
586: 67 -1
587: 67 -1
80: 67 -1
59: -1
88: 67 59 548 -1
591: 67 -1
93: 67 -1
93: 67 59 548 -1
594: 67 -1
14: 280 59 67 591 -1
596: 67 -1
52: -1
598: 597 -1
295: 597 -1
600: -1
601: -1
88: 52 19 -1
88: 52 -1
89: 52 -1
71: -1
35: -1
114: -1
154: 12 11 -1
609: 201 70 114 -1
152: -1
152: -1
185: 293 -1
185: -1
66: -1
185: 293 -1
152: -1
152: -1
185: -1
26: -1
185: 293 -1
11: -1
152: -1
152: -1
624: -1
185: 293 -1
185: 293 -1
185: 293 -1
185: 293 -1
61: 11 -1
61: 185 26 185 -1
185: 152 -1
61: 152 -1
61: 185 -1
61: 152 -1
61: 152 -1
61: 152 -1
61: 293 185 -1
61: 624 -1
61: 152 -1
61: 293 185 -1
61: 293 185 -1
61: 152 -1
61: 293 185 -1
61: 152 152 -1
26: 152 -1
61: 293 185 -1
61: 293 185 -1
152: 11 -1
61: 26 -1
11: 152 -1
61: 185 -1
61: 185 185 -1
61: 152 -1
61: 293 185 -1
226: 71 -1
61: 71 -1
63: -1
658: -1
659: 293 -1
185: 293 -1
185: 293 -1
191: -1
191: 293 -1
664: 106 -1
63: 659 -1
63: 658 664 185 185 185 -1
667: -1
6: -1
61: -1
670: -1
17: 6 -1
672: -1
672: 106 -1
61: 290 75 -1
675: -1
676: -1
677: -1
65: -1
61: -1
306: -1
681: -1
54: 427 -1
54: 689 320 -1
684: 689 320 -1
17: 320 689 -1
686: 689 320 -1
687: -1
688: -1
689: -1
320: -1
691: 689 -1
677: 80 187 -1
677: 80 -1
694: 80 700 6 -1
256: 216 700 80 -1
256: 712 700 80 -1
62: 80 -1
292: 700 80 -1
699: 700 80 -1
700: 80 -1
276: 80 -1
702: 700 80 -1
702: 256 80 19 -1
93: 155 256 256 2 700 80 42 42 13 280 23 40 59 -1
93: 256 256 2 700 80 -1
324: 80 -1
707: 80 -1
325: 700 80 -1
325: 700 80 -1
292: 700 80 -1
2: 256 256 700 80 -1
712: 216 700 80 256 -1
712: 700 80 -1
76: -1
158: -1
716: -1
331: -1
158: 42 -1
719: -1
68: 714 -1
68: 714 158 716 331 719 -1
68: 714 156 -1
68: -1
334: -1
313: 726 -1
726: -1
313: -1
313: -1
729: -1
730: -1
313: -1
313: -1
313: -1
313: -1
313: -1
313: -1
313: -1
738: -1
69: 313 -1
313: 726 69 14 82 729 730 731 -1
20: 82 155 -1

