0: 16 -1
1: 57 -1
2: 16 39 16 46 -1
2: -1
2: -1
2: 15 -1
2: -1
2: -1
2: 94 16 2 -1
7: 120 122 123 97 -1
9: -1
9: 39 39 -1
10: -1
10: -1
2: -1
2: -1
10: 53 28 37 128 84 101 -1
10: 16 15 0 10 -1
2: 16 131 0 10 -1
10: 16 -1
2: 2 2 -1
10: 133 134 15 136 41 -1
2: 137 138 139 104 105 2 143 -1
2: -1
2: 108 -1
10: -1
15: 145 146 -1
15: 2 -1
2: 2 -1
15: -1
17: 149 74 2 112 113 90 2 -1
10: 2 -1
17: 53 -1
17: 120 -1
17: 176 16 -1
17: 178 179 -1
17: 180 -1
17: 182 -1
17: 183 -1
17: 74 -1
32: 53 186 -1
32: -1
17: 10 10 10 -1
17: 94 -1
37: 193 -1
10: -1
38: 15 111 2 -1
38: 197 198 -1
9: 2 2 200 53 39 39 -1
41: 53 16 -1
10: 108 -1
37: 134 -1
38: 15 135 136 207 208 -1
38: 138 138 -1
38: 16 139 104 16 53 16 53 16 139 104 -1
38: 141 214 143 2 10 -1
38: 16 139 104 16 53 16 53 16 139 104 -1
38: 16 10 -1
37: 144 -1
15: 16 139 -1
38: 39 -1
38: 145 -1
32: 146 -1
32: 109 147 28 2 5 223 0 30 15 224 16 53 227 228 10 48 21 27 149 53 150 2 2 10 27 112 112 113 2 10 53 237 10 2 53 90 21 16 0 0 0 7 10 10 21 115 241 242 243 -1
38: 265 2 2 -1
45: 28 9 2 10 2 2 2 2 -1
32: 272 -1
32: 2 2 273 274 2 -1
15: 37 -1
38: 296 297 -1
15: 21 65 113 128 111 37 111 37 111 10 37 9 111 5 37 37 37 37 -1
45: -1
15: 300 189 37 37 10 37 190 -1
15: 2 303 2 304 305 -1
32: 15 111 15 -1
15: -1
72: 15 309 310 -1
72: 109 2 -1
2: 312 15 -1
38: 146 33 -1
51: 318 319 34 39 -1
51: 330 78 15 103 333 -1
39: 30 40 33 335 33 33 336 337 338 33 33 33 33 33 33 339 53 33 -1
39: -1
15: 21 2 -1
45: 21 2 -1
45: 77 2 46 241 312 21 15 146 39 112 -1
45: 2 241 0 -1
45: 41 -1
72: 0 41 53 -1
72: -1
47: 57 -1
72: 57 -1
72: 1 -1
92: 1 -1
92: 1 -1
79: 1 -1
2: 15 90 -1
39: -1
15: -1
15: -1
2: 15 -1
53: 2 -1
53: 2 -1
2: -1
37: 90 2 2 -1
2: 228 -1
37: 2 2 -1
2: 15 2 -1
53: 2 51 2 2 74 10 273 27 90 -1
2: 2 51 2 2 10 273 27 90 -1
15: 2 74 149 -1
15: 112 113 90 2 74 149 -1
15: 2 21 312 2 2 21 -1
10: 2 21 2 39 -1
2: 2 21 2 -1
110: 39 21 2 2 -1
110: 51 172 74 21 2 -1
2: -1
110: 2 95 -1
45: 10 2 -1
110: 94 2 -1
10: 2 5 -1
10: 21 2 21 -1
10: 2 -1
110: 2 21 30 77 -1
39: 2 -1
15: 2 21 90 39 -1
15: 2 -1
115: 2 -1
53: 2 -1
110: 2 21 30 21 30 21 -1
38: 2 -1
38: 2 -1
45: 21 30 30 2 2 -1
53: 21 2 -1
10: 2 -1
53: 2 -1
39: 2 21 30 -1
47: 21 2 21 2 -1
132: 39 10 15 21 2 21 30 241 39 77 2 310 309 321 2 15 -1
132: 77 2 -1
53: 2 21 30 21 -1
53: 2 -1
104: 2 53 -1
110: 21 15 21 2 39 -1
53: 2 30 -1
138: 2 -1
2: 15 2 39 312 2 -1
72: 2 30 21 30 21 30 -1
110: -1
2: 16 39 16 46 -1
72: 16 -1
72: 16 -1
138: 16 -1
138: -1
138: -1
138: -1
137: 90 -1
17: 53 16 -1
138: 53 -1
110: -1
2: 15 -1
2: -1
10: 120 -1
2: 120 77 -1
132: 136 -1
10: 136 -1
10: -1
72: 120 -1
2: 120 -1
39: -1
110: -1
110: 39 90 -1
132: 41 16 10 39 15 116 321 21 10 2 -1
110: 39 39 -1
39: 39 39 -1
39: -1
2: 10 -1
138: 10 -1
10: -1
2: 10 21 -1
10: 2 -1
10: -1
110: -1
39: 53 16 -1
17: 128 -1
2: -1
10: -1
2: -1
10: -1
2: 94 -1
39: 273 2 51 -1
39: 10 51 -1
10: -1
5: -1
10: -1
10: -1
2: 10 -1
2: 10 -1
2: 10 -1
128: -1
53: -1
53: -1
132: -1
53: -1
117: 15 2 -1
38: 189 -1
10: 137 104 139 -1
207: -1
17: -1
53: 104 -1
132: -1
132: -1
15: -1
15: -1
132: -1
10: -1
15: -1
134: -1
17: -1
132: -1
138: -1
138: -1
15: -1
38: 17 -1
38: 17 -1
38: 17 -1
15: 149 74 2 112 113 90 2 -1
15: 149 -1
217: -1
38: -1
104: -1
104: -1
15: 74 149 -1
217: 21 -1
138: 74 149 -1
15: 74 149 -1
217: -1
15: 74 149 -1
139: 21 2 -1
38: 21 -1
15: 74 149 -1
15: 74 149 -1
237: 77 2 21 -1
134: 312 21 24 2 -1
15: 21 -1
15: 21 -1
17: 21 -1
15: 74 149 -1
132: 74 149 -1
237: 21 -1
15: 21 -1
15: 39 21 -1
15: 21 -1
138: 21 2 -1
15: 149 -1
15: 74 149 -1
15: 74 149 -1
147: 21 -1
110: 21 -1
15: 21 -1
15: 149 74 -1
15: 149 -1
15: 21 -1
138: 21 -1
104: 21 -1
232: 21 -1
15: 74 149 -1
15: 21 -1
110: 21 2 -1
138: 21 -1
138: 21 -1
138: 74 149 -1
139: 74 149 -1
215: 21 -1
272: -1
138: 21 -1
10: 137 138 21 104 -1
15: 2 21 -1
110: -1
10: 2 -1
2: 120 123 97 -1
2: -1
215: 28 2 -1
138: -1
69: -1
69: -1
117: 10 -1
117: 2 -1
272: -1
110: -1
138: 270 -1
138: -1
2: 53 186 -1
2: -1
110: 53 186 -1
2: -1
117: 31 -1
215: 31 -1
115: 31 -1
164: 31 -1
190: -1
190: 31 -1
10: 31 78 15 -1
15: 31 -1
190: 31 -1
10: 90 31 -1
190: -1
2: -1
2: -1
17: 94 -1
17: 94 -1
17: 94 -1
17: 193 -1
17: 193 -1
17: 193 -1
17: 193 -1
17: 193 -1
17: 193 -1
17: 193 -1
17: 193 -1
17: 193 -1
17: -1
17: 193 -1
17: 193 -1
17: 193 -1
17: 193 -1
17: 193 -1
17: 193 -1
17: 193 -1
17: 2 39 53 -1
32: 15 111 -1
32: 15 111 -1
32: 15 111 -1
32: 15 111 -1
32: 15 111 10 27 2 -1
72: -1
32: 15 111 -1
32: 15 111 10 27 -1
32: 15 111 51 2 2 -1
72: -1
32: 15 111 -1
32: 15 111 2 51 -1
32: 15 111 2 -1
17: -1
32: 15 111 -1
32: 15 111 -1
2: 15 111 -1
32: 15 111 -1
17: 15 111 -1
32: 111 -1
2: 312 -1
2: -1
338: 31 30 21 -1
338: 30 -1
338: 241 90 30 2 2 10 2 39 2 137 -1
2: 15 30 -1
337: -1
179: -1
2: -1
110: -1
200: -1
200: -1
115: -1
128: 53 -1
72: -1
17: 16 -1
92: 15 -1
2: 37 -1
202: -1
37: 134 -1
37: 15 135 -1
37: 15 135 -1
32: -1
53: -1
117: 122 -1
117: 39 -1
17: -1
338: 15 -1
10: 39 34 -1
351: 90 -1
207: 241 -1
207: -1
17: -1
37: -1
200: -1
200: -1
15: -1
15: -1
15: -1
15: -1
117: -1
117: -1
132: -1
392: -1
379: 16 -1
17: -1
38: 15 -1
15: -1
110: -1
17: 53 -1
215: 144 53 -1
215: 144 -1
132: 144 -1
15: 144 -1
15: 144 -1
15: -1
53: -1
110: -1
38: -1
38: 39 -1
38: 297 -1
38: 2 -1
38: -1
38: 145 -1
38: 145 -1
38: 145 -1
38: 145 -1
38: 145 -1
38: 145 -1
38: 145 -1
38: 145 -1
38: 145 -1
38: 145 -1
38: 145 -1
38: 145 -1
415: -1
38: 146 -1
415: -1
132: -1
38: -1
2: -1
2: 2 2 2 2 -1
109: -1
0: 170 -1
32: -1
10: -1
417: 94 -1
109: -1
215: -1
141: -1
417: -1
417: -1
38: -1
38: -1
109: -1
147: -1
38: -1
115: -1
38: -1
115: -1
10: -1
10: -1
139: -1
217: -1
147: -1
10: -1
110: -1
39: -1
147: -1
2: 39 -1
10: -1
10: -1
147: 2 -1
110: -1
134: -1
0: -1
0: -1
10: -1
2: -1
110: -1
138: -1
138: -1
215: 243 -1
139: -1
231: -1
231: 41 -1
37: 273 41 2 -1
139: 41 -1
10: 108 39 2 10 27 2 186 16 90 39 41 -1
217: 90 115 41 39 -1
44: 41 -1
44: 41 241 -1
415: 41 -1
110: 41 -1
110: 41 -1
110: 41 -1
15: 41 -1
235: 41 53 -1
231: 41 241 51 -1
2: 115 41 2 77 90 -1
231: 183 -1
231: 77 41 -1
492: 39 41 273 51 2 -1
115: 41 -1
479: 41 16 10 -1
17: 2 105 2 10 41 241 115 31 10 -1
15: 41 -1
15: 41 39 -1
251: 105 41 241 10 2 330 2 317 -1
51: 41 241 -1
260: 77 41 241 10 2 10 -1
260: 41 10 -1
2: 41 10 -1
260: 41 -1
38: -1
2: 105 2 10 41 241 115 31 10 -1
110: 77 90 39 2 28 41 15 -1
110: 39 41 39 -1
110: 41 47 39 15 -1
51: 41 15 -1
53: 41 -1
53: 2 241 41 -1
38: 105 2 10 41 241 115 31 10 -1
38: 77 27 41 -1
15: 41 -1
254: 94 37 15 39 2 41 273 2 2 -1
38: -1
2: -1
2: -1
254: 48 -1
232: 48 311 -1
232: 48 -1
232: 48 311 -1
232: 48 -1
38: 265 -1
515: 48 -1
15: 48 186 -1
515: 48 263 -1
517: -1
232: 94 16 2 -1
2: 16 39 16 46 -1
2: -1
110: -1
517: 53 -1
157: 53 -1
517: -1
37: -1
37: 272 -1
37: 2 -1
38: 10 -1
38: 10 111 -1
38: 51 -1
38: 10 -1
2: -1
15: -1
10: -1
110: 51 -1
15: -1
254: -1
15: -1
15: 2 -1
15: 51 53 -1
92: 51 273 -1
5: 51 2 291 51 53 -1
538: 51 -1
538: 51 51 -1
272: 51 -1
272: 51 -1
72: 51 273 51 2 -1
132: 51 -1
110: 51 -1
110: 51 -1
538: 51 2 53 -1
545: 51 51 274 51 2 -1
532: 51 273 -1
532: 51 -1
15: 51 51 -1
15: -1
515: 51 -1
138: 51 -1
515: 51 -1
515: -1
37: 51 -1
115: 51 -1
39: 51 2 -1
92: 90 51 51 190 53 -1
38: 2 202 51 -1
92: 51 51 51 274 51 51 39 16 10 -1
10: 51 273 -1
551: 51 -1
38: 2 51 -1
38: 51 51 273 -1
515: 51 -1
138: 51 -1
545: 51 -1
545: 51 -1
51: 51 -1
15: -1
45: 51 51 273 -1
547: 51 -1
92: 51 -1
92: 51 51 273 -1
592: 51 -1
10: 10 51 51 291 -1
579: 51 -1
38: -1
539: 37 -1
2: 37 -1
279: -1
279: -1
45: 39 2 -1
45: 39 -1
72: 39 -1
45: -1
17: -1
110: -1
138: 10 9 -1
607: 53 16 65 -1
72: -1
72: -1
10: 53 -1
10: -1
32: -1
10: 53 -1
72: -1
72: -1
10: -1
15: -1
10: 53 -1
9: -1
72: -1
72: -1
47: -1
10: 53 -1
10: 53 -1
10: 53 -1
10: 53 -1
38: 9 -1
38: 37 10 37 -1
10: -1
38: -1
38: 37 -1
38: -1
38: -1
38: -1
38: 53 37 -1
38: 5 -1
38: -1
38: 53 37 -1
38: 53 37 -1
38: -1
38: 53 37 -1
38: 111 -1
15: -1
38: 53 37 -1
38: 53 37 -1
72: 9 -1
38: 10 -1
9: -1
38: 37 -1
38: 37 37 -1
38: -1
38: 53 37 -1
10: 46 -1
38: 46 -1
38: -1
637: -1
615: 53 -1
10: 53 -1
10: 53 -1
2: -1
2: 53 -1
638: 2 -1
38: 189 -1
38: 300 190 37 37 37 -1
632: -1
2: -1
38: -1
615: -1
10: 2 -1
615: -1
615: 2 -1
38: 182 48 -1
615: -1
191: -1
191: -1
45: -1
38: -1
190: -1
37: -1
38: 146 -1
38: 34 39 -1
615: 34 39 -1
10: 34 39 -1
645: 34 39 -1
645: -1
645: -1
310: -1
32: -1
647: 34 -1
191: 51 128 -1
191: 51 -1
692: 51 326 2 -1
15: 108 326 51 -1
15: 329 326 51 -1
32: 51 -1
34: 326 51 -1
615: 326 51 -1
39: 51 -1
272: 51 -1
327: 326 51 -1
327: 27 51 2 -1
92: 90 27 27 2 326 51 28 37 10 10 10 21 51 -1
92: 27 27 2 326 51 -1
5: 51 -1
327: 51 -1
310: 326 51 -1
310: 326 51 -1
34: 326 51 -1
2: 27 27 326 51 -1
710: 108 326 51 27 -1
710: 326 51 -1
72: -1
137: -1
710: -1
15: -1
137: 28 -1
710: -1
15: 330 -1
15: 330 78 15 103 333 -1
15: 330 77 -1
15: -1
178: -1
310: 335 -1
715: -1
310: -1
310: -1
715: -1
32: -1
310: -1
310: -1
310: -1
310: -1
310: -1
310: -1
310: -1
717: -1
60: 33 -1
310: 335 39 2 39 336 337 338 -1
2: 39 90 -1
0: 16 -1
1: 57 -1
2: 16 39 16 46 -1
2: -1
2: -1
2: 15 -1
2: -1
2: -1
2: 94 16 2 -1
7: 120 122 123 97 -1
9: -1
9: 39 39 -1
10: -1
10: -1
2: -1
2: -1
10: 53 28 37 128 84 101 -1
10: 16 15 0 10 -1
2: 16 131 0 10 -1
10: 16 -1
2: 2 2 -1
10: 133 134 15 136 41 -1
2: 137 138 139 104 105 2 143 -1
2: -1
2: 108 -1
10: -1
15: 145 146 -1
15: 2 -1
2: 2 -1
15: -1
17: 149 74 2 112 113 90 2 -1
10: 2 -1
17: 53 -1
17: 120 -1
17: 176 16 -1
17: 178 179 -1
17: 180 -1
17: 182 -1
17: 183 -1
17: 74 -1
32: 53 186 -1
32: -1
17: 10 10 10 -1
17: 94 -1
37: 193 -1
10: -1
38: 15 111 2 -1
38: 197 198 -1
9: 2 2 200 53 39 39 -1
41: 53 16 -1
10: 108 -1
37: 134 -1
38: 15 135 136 207 208 -1
38: 138 138 -1
38: 16 139 104 16 53 16 53 16 139 104 -1
38: 141 214 143 2 10 -1
38: 16 139 104 16 53 16 53 16 139 104 -1
38: 16 10 -1
37: 144 -1
15: 16 139 -1
38: 39 -1
38: 145 -1
32: 146 -1
32: 109 147 28 2 5 223 0 30 15 224 16 53 227 228 10 48 21 27 149 53 150 2 2 10 27 112 112 113 2 10 53 237 10 2 53 90 21 16 0 0 0 7 10 10 21 115 241 242 243 -1
38: 265 2 2 -1
45: 28 9 2 10 2 2 2 2 -1
32: 272 -1
32: 2 2 273 274 2 -1
15: 37 -1
38: 296 297 -1
15: 21 65 113 128 111 37 111 37 111 10 37 9 111 5 37 37 37 37 -1
45: -1
15: 300 189 37 37 10 37 190 -1
15: 2 303 2 304 305 -1
32: 15 111 15 -1
15: -1
72: 15 309 310 -1
72: 109 2 -1
2: 312 15 -1
38: 146 33 -1
51: 318 319 34 39 -1
51: 330 78 15 103 333 -1
39: 30 40 33 335 33 33 336 337 338 33 33 33 33 33 33 339 53 33 -1
39: -1
15: 21 2 -1
45: 21 2 -1
45: 77 2 46 241 312 21 15 146 39 112 -1
45: 2 241 0 -1
45: 41 -1
72: 0 41 53 -1
72: -1
47: 57 -1
72: 57 -1
72: 1 -1
92: 1 -1
92: 1 -1
79: 1 -1
2: 15 90 -1
39: -1
15: -1
15: -1
2: 15 -1
53: 2 -1
53: 2 -1
2: -1
37: 90 2 2 -1
2: 228 -1
37: 2 2 -1
2: 15 2 -1
53: 2 51 2 2 74 10 273 27 90 -1
2: 2 51 2 2 10 273 27 90 -1
15: 2 74 149 -1
15: 112 113 90 2 74 149 -1
15: 2 21 312 2 2 21 -1
10: 2 21 2 39 -1
2: 2 21 2 -1
110: 39 21 2 2 -1
110: 51 172 74 21 2 -1
2: -1
110: 2 95 -1
45: 10 2 -1
110: 94 2 -1
10: 2 5 -1
10: 21 2 21 -1
10: 2 -1
110: 2 21 30 77 -1
39: 2 -1
15: 2 21 90 39 -1
15: 2 -1
115: 2 -1
53: 2 -1
110: 2 21 30 21 30 21 -1
38: 2 -1
38: 2 -1
45: 21 30 30 2 2 -1
53: 21 2 -1
10: 2 -1
53: 2 -1
39: 2 21 30 -1
47: 21 2 21 2 -1
132: 39 10 15 21 2 21 30 241 39 77 2 310 309 321 2 15 -1
132: 77 2 -1
53: 2 21 30 21 -1
53: 2 -1
104: 2 53 -1
110: 21 15 21 2 39 -1
53: 2 30 -1
138: 2 -1
2: 15 2 39 312 2 -1
72: 2 30 21 30 21 30 -1
110: -1
2: 16 39 16 46 -1
72: 16 -1
72: 16 -1
138: 16 -1
138: -1
138: -1
138: -1
137: 90 -1
17: 53 16 -1
138: 53 -1
110: -1
2: 15 -1
2: -1
10: 120 -1
2: 120 77 -1
132: 136 -1
10: 136 -1
10: -1
72: 120 -1
2: 120 -1
39: -1
110: -1
110: 39 90 -1
132: 41 16 10 39 15 116 321 21 10 2 -1
110: 39 39 -1
39: 39 39 -1
39: -1
2: 10 -1
138: 10 -1
10: -1
2: 10 21 -1
10: 2 -1
10: -1
110: -1
39: 53 16 -1
17: 128 -1
2: -1
10: -1
2: -1
10: -1
2: 94 -1
39: 273 2 51 -1
39: 10 51 -1
10: -1
5: -1
10: -1
10: -1
2: 10 -1
2: 10 -1
2: 10 -1
128: -1
53: -1
53: -1
132: -1
53: -1
117: 15 2 -1
38: 189 -1
10: 137 104 139 -1
207: -1
17: -1
53: 104 -1
132: -1
132: -1
15: -1
15: -1
132: -1
10: -1
15: -1
134: -1
17: -1
132: -1
138: -1
138: -1
15: -1
38: 17 -1
38: 17 -1
38: 17 -1
15: 149 74 2 112 113 90 2 -1
15: 149 -1
217: -1
38: -1
104: -1
104: -1
15: 74 149 -1
217: 21 -1
138: 74 149 -1
15: 74 149 -1
217: -1
15: 74 149 -1
139: 21 2 -1
38: 21 -1
15: 74 149 -1
15: 74 149 -1
237: 77 2 21 -1
134: 312 21 24 2 -1
15: 21 -1
15: 21 -1
17: 21 -1
15: 74 149 -1
132: 74 149 -1
237: 21 -1
15: 21 -1
15: 39 21 -1
15: 21 -1
138: 21 2 -1
15: 149 -1
15: 74 149 -1
15: 74 149 -1
147: 21 -1
110: 21 -1
15: 21 -1
15: 149 74 -1
15: 149 -1
15: 21 -1
138: 21 -1
104: 21 -1
232: 21 -1
15: 74 149 -1
15: 21 -1
110: 21 2 -1
138: 21 -1
138: 21 -1
138: 74 149 -1
139: 74 149 -1
215: 21 -1
272: -1
138: 21 -1
10: 137 138 21 104 -1
15: 2 21 -1
110: -1
10: 2 -1
2: 120 123 97 -1
2: -1
215: 28 2 -1
138: -1
69: -1
69: -1
117: 10 -1
117: 2 -1
272: -1
110: -1
138: 270 -1
138: -1
2: 53 186 -1
2: -1
110: 53 186 -1
2: -1
117: 31 -1
215: 31 -1
115: 31 -1
164: 31 -1
190: -1
190: 31 -1
10: 31 78 15 -1
15: 31 -1
190: 31 -1
10: 90 31 -1
190: -1
2: -1
2: -1
17: 94 -1
17: 94 -1
17: 94 -1
17: 193 -1
17: 193 -1
17: 193 -1
17: 193 -1
17: 193 -1
17: 193 -1
17: 193 -1
17: 193 -1
17: 193 -1
17: -1
17: 193 -1
17: 193 -1
17: 193 -1
17: 193 -1
17: 193 -1
17: 193 -1
17: 193 -1
17: 2 39 53 -1
32: 15 111 -1
32: 15 111 -1
32: 15 111 -1
32: 15 111 -1
32: 15 111 10 27 2 -1
72: -1
32: 15 111 -1
32: 15 111 10 27 -1
32: 15 111 51 2 2 -1
72: -1
32: 15 111 -1
32: 15 111 2 51 -1
32: 15 111 2 -1
17: -1
32: 15 111 -1
32: 15 111 -1
2: 15 111 -1
32: 15 111 -1
17: 15 111 -1
32: 111 -1
2: 312 -1
2: -1
338: 31 30 21 -1
338: 30 -1
338: 241 90 30 2 2 10 2 39 2 137 -1
2: 15 30 -1
337: -1
179: -1
2: -1
110: -1
200: -1
200: -1
115: -1
128: 53 -1
72: -1
17: 16 -1
92: 15 -1
2: 37 -1
202: -1
37: 134 -1
37: 15 135 -1
37: 15 135 -1
32: -1
53: -1
117: 122 -1
117: 39 -1
17: -1
338: 15 -1
10: 39 34 -1
351: 90 -1
207: 241 -1
207: -1
17: -1
37: -1
200: -1
200: -1
15: -1
15: -1
15: -1
15: -1
117: -1
117: -1
132: -1
392: -1
379: 16 -1
17: -1
38: 15 -1
15: -1
110: -1
17: 53 -1
215: 144 53 -1
215: 144 -1
132: 144 -1
15: 144 -1
15: 144 -1
15: -1
53: -1
110: -1
38: -1
38: 39 -1
38: 297 -1
38: 2 -1
38: -1
38: 145 -1
38: 145 -1
38: 145 -1
38: 145 -1
38: 145 -1
38: 145 -1
38: 145 -1
38: 145 -1
38: 145 -1
38: 145 -1
38: 145 -1
38: 145 -1
415: -1
38: 146 -1
415: -1
132: -1
38: -1
2: -1
2: 2 2 2 2 -1
109: -1
0: 170 -1
32: -1
10: -1
417: 94 -1
109: -1
215: -1
141: -1
417: -1
417: -1
38: -1
38: -1
109: -1
147: -1
38: -1
115: -1
38: -1
115: -1
10: -1
10: -1
139: -1
217: -1
147: -1
10: -1
110: -1
39: -1
147: -1
2: 39 -1
10: -1
10: -1
147: 2 -1
110: -1
134: -1
0: -1
0: -1
10: -1
2: -1
110: -1
138: -1
138: -1
215: 243 -1
139: -1
231: -1
231: 41 -1
37: 273 41 2 -1
139: 41 -1
10: 108 39 2 10 27 2 186 16 90 39 41 -1
217: 90 115 41 39 -1
44: 41 -1
44: 41 241 -1
415: 41 -1
110: 41 -1
110: 41 -1
110: 41 -1
15: 41 -1
235: 41 53 -1
231: 41 241 51 -1
2: 115 41 2 77 90 -1
231: 183 -1
231: 77 41 -1
492: 39 41 273 51 2 -1
115: 41 -1
479: 41 16 10 -1
17: 2 105 2 10 41 241 115 31 10 -1
15: 41 -1
15: 41 39 -1
251: 105 41 241 10 2 330 2 317 -1
51: 41 241 -1
260: 77 41 241 10 2 10 -1
260: 41 10 -1
2: 41 10 -1
260: 41 -1
38: -1
2: 105 2 10 41 241 115 31 10 -1
110: 77 90 39 2 28 41 15 -1
110: 39 41 39 -1
110: 41 47 39 15 -1
51: 41 15 -1
53: 41 -1
53: 2 241 41 -1
38: 105 2 10 41 241 115 31 10 -1
38: 77 27 41 -1
15: 41 -1
254: 94 37 15 39 2 41 273 2 2 -1
38: -1
2: -1
2: -1
254: 48 -1
232: 48 311 -1
232: 48 -1
232: 48 311 -1
232: 48 -1
38: 265 -1
515: 48 -1
15: 48 186 -1
515: 48 263 -1
517: -1
232: 94 16 2 -1
2: 16 39 16 46 -1
2: -1
110: -1
517: 53 -1
157: 53 -1
517: -1
37: -1
37: 272 -1
37: 2 -1
38: 10 -1
38: 10 111 -1
38: 51 -1
38: 10 -1
2: -1
15: -1
10: -1
110: 51 -1
15: -1
254: -1
15: -1
15: 2 -1
15: 51 53 -1
92: 51 273 -1
5: 51 2 291 51 53 -1
538: 51 -1
538: 51 51 -1
272: 51 -1
272: 51 -1
72: 51 273 51 2 -1
132: 51 -1
110: 51 -1
110: 51 -1
538: 51 2 53 -1
545: 51 51 274 51 2 -1
532: 51 273 -1
532: 51 -1
15: 51 51 -1
15: -1
515: 51 -1
138: 51 -1
515: 51 -1
515: -1
37: 51 -1
115: 51 -1
39: 51 2 -1
92: 90 51 51 190 53 -1
38: 2 202 51 -1
92: 51 51 51 274 51 51 39 16 10 -1
10: 51 273 -1
551: 51 -1
38: 2 51 -1
38: 51 51 273 -1
515: 51 -1
138: 51 -1
545: 51 -1
545: 51 -1
51: 51 -1
15: -1
45: 51 51 273 -1
547: 51 -1
92: 51 -1
92: 51 51 273 -1
592: 51 -1
10: 10 51 51 291 -1
579: 51 -1
38: -1
539: 37 -1
2: 37 -1
279: -1
279: -1
45: 39 2 -1
45: 39 -1
72: 39 -1
45: -1
17: -1
110: -1
138: 10 9 -1
607: 53 16 65 -1
72: -1
72: -1
10: 53 -1
10: -1
32: -1
10: 53 -1
72: -1
72: -1
10: -1
15: -1
10: 53 -1
9: -1
72: -1
72: -1
47: -1
10: 53 -1
10: 53 -1
10: 53 -1
10: 53 -1
38: 9 -1
38: 37 10 37 -1
10: -1
38: -1
38: 37 -1
38: -1
38: -1
38: -1
38: 53 37 -1
38: 5 -1
38: -1
38: 53 37 -1
38: 53 37 -1
38: -1
38: 53 37 -1
38: 111 -1
15: -1
38: 53 37 -1
38: 53 37 -1
72: 9 -1
38: 10 -1
9: -1
38: 37 -1
38: 37 37 -1
38: -1
38: 53 37 -1
10: 46 -1
38: 46 -1
38: -1
637: -1
615: 53 -1
10: 53 -1
10: 53 -1
2: -1
2: 53 -1
638: 2 -1
38: 189 -1
38: 300 190 37 37 37 -1
632: -1
2: -1
38: -1
615: -1
10: 2 -1
615: -1
615: 2 -1
38: 182 48 -1
615: -1
191: -1
191: -1
45: -1
38: -1
190: -1
37: -1
38: 146 -1
38: 34 39 -1
615: 34 39 -1
10: 34 39 -1
645: 34 39 -1
645: -1
645: -1
310: -1
32: -1
647: 34 -1
191: 51 128 -1
191: 51 -1
692: 51 326 2 -1
15: 108 326 51 -1
15: 329 326 51 -1
32: 51 -1
34: 326 51 -1
615: 326 51 -1
39: 51 -1
272: 51 -1
327: 326 51 -1
327: 27 51 2 -1
92: 90 27 27 2 326 51 28 37 10 10 10 21 51 -1
92: 27 27 2 326 51 -1
5: 51 -1
327: 51 -1
310: 326 51 -1
310: 326 51 -1
34: 326 51 -1
2: 27 27 326 51 -1
710: 108 326 51 27 -1
710: 326 51 -1
72: -1
137: -1
710: -1
15: -1
137: 28 -1
710: -1
15: 330 -1
15: 330 78 15 103 333 -1
15: 330 77 -1
15: -1
178: -1
310: 335 -1
715: -1
310: -1
310: -1
715: -1
32: -1
310: -1
310: -1
310: -1
310: -1
310: -1
310: -1
310: -1
717: -1
60: 33 -1
310: 335 39 2 39 336 337 338 -1
2: 39 90 -1
0: 16 -1
1: 57 -1
2: 16 39 16 46 -1
2: -1
2: -1
2: 15 -1
2: -1
2: -1
2: 94 16 2 -1
7: 120 122 123 97 -1
9: -1
9: 39 39 -1
10: -1
10: -1
2: -1
2: -1
10: 53 28 37 128 84 101 -1
10: 16 15 0 10 -1
2: 16 131 0 10 -1
10: 16 -1
2: 2 2 -1
10: 133 134 15 136 41 -1
2: 137 138 139 104 105 2 143 -1
2: -1
2: 108 -1
10: -1
15: 145 146 -1
15: 2 -1
2: 2 -1
15: -1
17: 149 74 2 112 113 90 2 -1
10: 2 -1
17: 53 -1
17: 120 -1
17: 176 16 -1
17: 178 179 -1
17: 180 -1
17: 182 -1
17: 183 -1
17: 74 -1
32: 53 186 -1
32: -1
17: 10 10 10 -1
17: 94 -1
37: 193 -1
10: -1
38: 15 111 2 -1
38: 197 198 -1
9: 2 2 200 53 39 39 -1
41: 53 16 -1
10: 108 -1
37: 134 -1
38: 15 135 136 207 208 -1
38: 138 138 -1
38: 16 139 104 16 53 16 53 16 139 104 -1
38: 141 214 143 2 10 -1
38: 16 139 104 16 53 16 53 16 139 104 -1
38: 16 10 -1
37: 144 -1
15: 16 139 -1
38: 39 -1
38: 145 -1
32: 146 -1
32: 109 147 28 2 5 223 0 30 15 224 16 53 227 228 10 48 21 27 149 53 150 2 2 10 27 112 112 113 2 10 53 237 10 2 53 90 21 16 0 0 0 7 10 10 21 115 241 242 243 -1
38: 265 2 2 -1
45: 28 9 2 10 2 2 2 2 -1
32: 272 -1
32: 2 2 273 274 2 -1
15: 37 -1
38: 296 297 -1
15: 21 65 113 128 111 37 111 37 111 10 37 9 111 5 37 37 37 37 -1
45: -1
15: 300 189 37 37 10 37 190 -1
15: 2 303 2 304 305 -1
32: 15 111 15 -1
15: -1
72: 15 309 310 -1
72: 109 2 -1
2: 312 15 -1
38: 146 33 -1
51: 318 319 34 39 -1
51: 330 78 15 103 333 -1
39: 30 40 33 335 33 33 336 337 338 33 33 33 33 33 33 339 53 33 -1
39: -1
15: 21 2 -1
45: 21 2 -1
45: 77 2 46 241 312 21 15 146 39 112 -1
45: 2 241 0 -1
45: 41 -1
72: 0 41 53 -1
72: -1
47: 57 -1
72: 57 -1
72: 1 -1
92: 1 -1
92: 1 -1
79: 1 -1
2: 15 90 -1
39: -1
15: -1
15: -1
2: 15 -1
53: 2 -1
53: 2 -1
2: -1
37: 90 2 2 -1
2: 228 -1
37: 2 2 -1
2: 15 2 -1
53: 2 51 2 2 74 10 273 27 90 -1
2: 2 51 2 2 10 273 27 90 -1
15: 2 74 149 -1
15: 112 113 90 2 74 149 -1
15: 2 21 312 2 2 21 -1
10: 2 21 2 39 -1
2: 2 21 2 -1
110: 39 21 2 2 -1
110: 51 172 74 21 2 -1
2: -1
110: 2 95 -1
45: 10 2 -1
110: 94 2 -1
10: 2 5 -1
10: 21 2 21 -1
10: 2 -1
110: 2 21 30 77 -1
39: 2 -1
15: 2 21 90 39 -1
15: 2 -1
115: 2 -1
53: 2 -1
110: 2 21 30 21 30 21 -1
38: 2 -1
38: 2 -1
45: 21 30 30 2 2 -1
53: 21 2 -1
10: 2 -1
53: 2 -1
39: 2 21 30 -1
47: 21 2 21 2 -1
132: 39 10 15 21 2 21 30 241 39 77 2 310 309 321 2 15 -1
132: 77 2 -1
53: 2 21 30 21 -1
53: 2 -1
104: 2 53 -1
110: 21 15 21 2 39 -1
53: 2 30 -1
138: 2 -1
2: 15 2 39 312 2 -1
72: 2 30 21 30 21 30 -1
110: -1
2: 16 39 16 46 -1
72: 16 -1
72: 16 -1
138: 16 -1
138: -1
138: -1
138: -1
137: 90 -1
17: 53 16 -1
138: 53 -1
110: -1
2: 15 -1
2: -1
10: 120 -1
2: 120 77 -1
132: 136 -1
10: 136 -1
10: -1
72: 120 -1
2: 120 -1
39: -1
110: -1
110: 39 90 -1
132: 41 16 10 39 15 116 321 21 10 2 -1
110: 39 39 -1
39: 39 39 -1
39: -1
2: 10 -1
138: 10 -1
10: -1
2: 10 21 -1
10: 2 -1
10: -1
110: -1
39: 53 16 -1
17: 128 -1
2: -1
10: -1
2: -1
10: -1
2: 94 -1
39: 273 2 51 -1
39: 10 51 -1
10: -1
5: -1
10: -1
10: -1
2: 10 -1
2: 10 -1
2: 10 -1
128: -1
53: -1
53: -1
132: -1
53: -1
117: 15 2 -1
38: 189 -1
10: 137 104 139 -1
207: -1
17: -1
53: 104 -1
132: -1
132: -1
15: -1
15: -1
132: -1
10: -1
15: -1
134: -1
17: -1
132: -1
138: -1
138: -1
15: -1
38: 17 -1
38: 17 -1
38: 17 -1
15: 149 74 2 112 113 90 2 -1
15: 149 -1
217: -1
38: -1
104: -1
104: -1
15: 74 149 -1
217: 21 -1
138: 74 149 -1
15: 74 149 -1
217: -1
15: 74 149 -1
139: 21 2 -1
38: 21 -1
15: 74 149 -1
15: 74 149 -1
237: 77 2 21 -1
134: 312 21 24 2 -1
15: 21 -1
15: 21 -1
17: 21 -1
15: 74 149 -1
132: 74 149 -1
237: 21 -1
15: 21 -1
15: 39 21 -1
15: 21 -1
138: 21 2 -1
15: 149 -1
15: 74 149 -1
15: 74 149 -1
147: 21 -1
110: 21 -1
15: 21 -1
15: 149 74 -1
15: 149 -1
15: 21 -1
138: 21 -1
104: 21 -1
232: 21 -1
15: 74 149 -1
15: 21 -1
110: 21 2 -1
138: 21 -1
138: 21 -1
138: 74 149 -1
139: 74 149 -1
215: 21 -1
272: -1
138: 21 -1
10: 137 138 21 104 -1
15: 2 21 -1
110: -1
10: 2 -1
2: 120 123 97 -1
2: -1
215: 28 2 -1
138: -1
69: -1
69: -1
117: 10 -1
117: 2 -1
272: -1
110: -1
138: 270 -1
138: -1
2: 53 186 -1
2: -1
110: 53 186 -1
2: -1
117: 31 -1
215: 31 -1
115: 31 -1
164: 31 -1
190: -1
190: 31 -1
10: 31 78 15 -1
15: 31 -1
190: 31 -1
10: 90 31 -1
190: -1
2: -1
2: -1
17: 94 -1
17: 94 -1
17: 94 -1
17: 193 -1
17: 193 -1
17: 193 -1
17: 193 -1
17: 193 -1
17: 193 -1
17: 193 -1
17: 193 -1
17: 193 -1
17: -1
17: 193 -1
17: 193 -1
17: 193 -1
17: 193 -1
17: 193 -1
17: 193 -1
17: 193 -1
17: 2 39 53 -1
32: 15 111 -1
32: 15 111 -1
32: 15 111 -1
32: 15 111 -1
32: 15 111 10 27 2 -1
72: -1
32: 15 111 -1
32: 15 111 10 27 -1
32: 15 111 51 2 2 -1
72: -1
32: 15 111 -1
32: 15 111 2 51 -1
32: 15 111 2 -1
17: -1
32: 15 111 -1
32: 15 111 -1
2: 15 111 -1
32: 15 111 -1
17: 15 111 -1
32: 111 -1
2: 312 -1
2: -1
338: 31 30 21 -1
338: 30 -1
338: 241 90 30 2 2 10 2 39 2 137 -1
2: 15 30 -1
337: -1
179: -1
2: -1
110: -1
200: -1
200: -1
115: -1
128: 53 -1
72: -1
17: 16 -1
92: 15 -1
2: 37 -1
202: -1
37: 134 -1
37: 15 135 -1
37: 15 135 -1
32: -1
53: -1
117: 122 -1
117: 39 -1
17: -1
338: 15 -1
10: 39 34 -1
351: 90 -1
207: 241 -1
207: -1
17: -1
37: -1
200: -1
200: -1
15: -1
15: -1
15: -1
15: -1
117: -1
117: -1
132: -1
392: -1
379: 16 -1
17: -1
38: 15 -1
15: -1
110: -1
17: 53 -1
215: 144 53 -1
215: 144 -1
132: 144 -1
15: 144 -1
15: 144 -1
15: -1
53: -1
110: -1
38: -1
38: 39 -1
38: 297 -1
38: 2 -1
38: -1
38: 145 -1
38: 145 -1
38: 145 -1
38: 145 -1
38: 145 -1
38: 145 -1
38: 145 -1
38: 145 -1
38: 145 -1
38: 145 -1
38: 145 -1
38: 145 -1
415: -1
38: 146 -1
415: -1
132: -1
38: -1
2: -1
2: 2 2 2 2 -1
109: -1
0: 170 -1
32: -1
10: -1
417: 94 -1
109: -1
215: -1
141: -1
417: -1
417: -1
38: -1
38: -1
109: -1
147: -1
38: -1
115: -1
38: -1
115: -1
10: -1
10: -1
139: -1
217: -1
147: -1
10: -1
110: -1
39: -1
147: -1
2: 39 -1
10: -1
10: -1
147: 2 -1
110: -1
134: -1
0: -1
0: -1
10: -1
2: -1
110: -1
138: -1
138: -1
215: 243 -1
139: -1
231: -1
231: 41 -1
37: 273 41 2 -1
139: 41 -1
10: 108 39 2 10 27 2 186 16 90 39 41 -1
217: 90 115 41 39 -1
44: 41 -1
44: 41 241 -1
415: 41 -1
110: 41 -1
110: 41 -1
110: 41 -1
15: 41 -1
235: 41 53 -1
231: 41 241 51 -1
2: 115 41 2 77 90 -1
231: 183 -1
231: 77 41 -1
492: 39 41 273 51 2 -1
115: 41 -1
479: 41 16 10 -1
17: 2 105 2 10 41 241 115 31 10 -1
15: 41 -1
15: 41 39 -1
251: 105 41 241 10 2 330 2 317 -1
51: 41 241 -1
260: 77 41 241 10 2 10 -1
260: 41 10 -1
2: 41 10 -1
260: 41 -1
38: -1
2: 105 2 10 41 241 115 31 10 -1
110: 77 90 39 2 28 41 15 -1
110: 39 41 39 -1
110: 41 47 39 15 -1
51: 41 15 -1
53: 41 -1
53: 2 241 41 -1
38: 105 2 10 41 241 115 31 10 -1
38: 77 27 41 -1
15: 41 -1
254: 94 37 15 39 2 41 273 2 2 -1
38: -1
2: -1
2: -1
254: 48 -1
232: 48 311 -1
232: 48 -1
232: 48 311 -1
232: 48 -1
38: 265 -1
515: 48 -1
15: 48 186 -1
515: 48 263 -1
517: -1
232: 94 16 2 -1
2: 16 39 16 46 -1
2: -1
110: -1
517: 53 -1
157: 53 -1
517: -1
37: -1
37: 272 -1
37: 2 -1
38: 10 -1
38: 10 111 -1
38: 51 -1
38: 10 -1
2: -1
15: -1
10: -1
110: 51 -1
15: -1
254: -1
15: -1
15: 2 -1
15: 51 53 -1
92: 51 273 -1
5: 51 2 291 51 53 -1
538: 51 -1
538: 51 51 -1
272: 51 -1
272: 51 -1
72: 51 273 51 2 -1
132: 51 -1
110: 51 -1
110: 51 -1
538: 51 2 53 -1
545: 51 51 274 51 2 -1
532: 51 273 -1
532: 51 -1
15: 51 51 -1
15: -1
515: 51 -1
138: 51 -1
515: 51 -1
515: -1
37: 51 -1
115: 51 -1
39: 51 2 -1
92: 90 51 51 190 53 -1
38: 2 202 51 -1
92: 51 51 51 274 51 51 39 16 10 -1
10: 51 273 -1
551: 51 -1
38: 2 51 -1
38: 51 51 273 -1
515: 51 -1
138: 51 -1
545: 51 -1
545: 51 -1
51: 51 -1
15: -1
45: 51 51 273 -1
547: 51 -1
92: 51 -1
92: 51 51 273 -1
592: 51 -1
10: 10 51 51 291 -1
579: 51 -1
38: -1
539: 37 -1
2: 37 -1
279: -1
279: -1
45: 39 2 -1
45: 39 -1
72: 39 -1
45: -1
17: -1
110: -1
138: 10 9 -1
607: 53 16 65 -1
72: -1
72: -1
10: 53 -1
10: -1
32: -1
10: 53 -1
72: -1
72: -1
10: -1
15: -1
10: 53 -1
9: -1
72: -1
72: -1
47: -1
10: 53 -1
10: 53 -1
10: 53 -1
10: 53 -1
38: 9 -1
38: 37 10 37 -1
10: -1
38: -1
38: 37 -1
38: -1
38: -1
38: -1
38: 53 37 -1
38: 5 -1
38: -1
38: 53 37 -1
38: 53 37 -1
38: -1
38: 53 37 -1
38: 111 -1
15: -1
38: 53 37 -1
38: 53 37 -1
72: 9 -1
38: 10 -1
9: -1
38: 37 -1
38: 37 37 -1
38: -1
38: 53 37 -1
10: 46 -1
38: 46 -1
38: -1
637: -1
615: 53 -1
10: 53 -1
10: 53 -1
2: -1
2: 53 -1
638: 2 -1
38: 189 -1
38: 300 190 37 37 37 -1
632: -1
2: -1
38: -1
615: -1
10: 2 -1
615: -1
615: 2 -1
38: 182 48 -1
615: -1
191: -1
191: -1
45: -1
38: -1
190: -1
37: -1
38: 146 -1
38: 34 39 -1
615: 34 39 -1
10: 34 39 -1
645: 34 39 -1
645: -1
645: -1
310: -1
32: -1
647: 34 -1
191: 51 128 -1
191: 51 -1
692: 51 326 2 -1
15: 108 326 51 -1
15: 329 326 51 -1
32: 51 -1
34: 326 51 -1
615: 326 51 -1
39: 51 -1
272: 51 -1
327: 326 51 -1
327: 27 51 2 -1
92: 90 27 27 2 326 51 28 37 10 10 10 21 51 -1
92: 27 27 2 326 51 -1
5: 51 -1
327: 51 -1
310: 326 51 -1
310: 326 51 -1
34: 326 51 -1
2: 27 27 326 51 -1
710: 108 326 51 27 -1
710: 326 51 -1
72: -1
137: -1
710: -1
15: -1
137: 28 -1
710: -1
15: 330 -1
15: 330 78 15 103 333 -1
15: 330 77 -1
15: -1
178: -1
310: 335 -1
715: -1
310: -1
310: -1
715: -1
32: -1
310: -1
310: -1
310: -1
310: -1
310: -1
310: -1
310: -1
717: -1
60: 33 -1
310: 335 39 2 39 336 337 338 -1
2: 39 90 -1
0: 16 -1
1: 57 -1
2: 16 39 16 46 -1
2: -1
2: -1
2: 15 -1
2: -1
2: -1
2: 94 16 2 -1
7: 120 122 123 97 -1
9: -1
9: 39 39 -1
10: -1
10: -1
2: -1
2: -1
10: 53 28 37 128 84 101 -1
10: 16 15 0 10 -1
2: 16 131 0 10 -1
10: 16 -1
2: 2 2 -1
10: 133 134 15 136 41 -1
2: 137 138 139 104 105 2 143 -1
2: -1
2: 108 -1
10: -1
15: 145 146 -1
15: 2 -1
2: 2 -1
15: -1
17: 149 74 2 112 113 90 2 -1
10: 2 -1
17: 53 -1
17: 120 -1
17: 176 16 -1
17: 178 179 -1
17: 180 -1
17: 182 -1
17: 183 -1
17: 74 -1
32: 53 186 -1
32: -1
17: 10 10 10 -1
17: 94 -1
37: 193 -1
10: -1
38: 15 111 2 -1
38: 197 198 -1
9: 2 2 200 53 39 39 -1
41: 53 16 -1
10: 108 -1
37: 134 -1
38: 15 135 136 207 208 -1
38: 138 138 -1
38: 16 139 104 16 53 16 53 16 139 104 -1
38: 141 214 143 2 10 -1
38: 16 139 104 16 53 16 53 16 139 104 -1
38: 16 10 -1
37: 144 -1
15: 16 139 -1
38: 39 -1
38: 145 -1
32: 146 -1
32: 109 147 28 2 5 223 0 30 15 224 16 53 227 228 10 48 21 27 149 53 150 2 2 10 27 112 112 113 2 10 53 237 10 2 53 90 21 16 0 0 0 7 10 10 21 115 241 242 243 -1
38: 265 2 2 -1
45: 28 9 2 10 2 2 2 2 -1
32: 272 -1
32: 2 2 273 274 2 -1
15: 37 -1
38: 296 297 -1
15: 21 65 113 128 111 37 111 37 111 10 37 9 111 5 37 37 37 37 -1
45: -1
15: 300 189 37 37 10 37 190 -1
15: 2 303 2 304 305 -1
32: 15 111 15 -1
15: -1
72: 15 309 310 -1
72: 109 2 -1
2: 312 15 -1
38: 146 33 -1
51: 318 319 34 39 -1
51: 330 78 15 103 333 -1
39: 30 40 33 335 33 33 336 337 338 33 33 33 33 33 33 339 53 33 -1
39: -1
15: 21 2 -1
45: 21 2 -1
45: 77 2 46 241 312 21 15 146 39 112 -1
45: 2 241 0 -1
45: 41 -1
72: 0 41 53 -1
72: -1
47: 57 -1
72: 57 -1
72: 1 -1
92: 1 -1
92: 1 -1
79: 1 -1
2: 15 90 -1
39: -1
15: -1
15: -1
2: 15 -1
53: 2 -1
53: 2 -1
2: -1
37: 90 2 2 -1
2: 228 -1
37: 2 2 -1
2: 15 2 -1
53: 2 51 2 2 74 10 273 27 90 -1
2: 2 51 2 2 10 273 27 90 -1
15: 2 74 149 -1
15: 112 113 90 2 74 149 -1
15: 2 21 312 2 2 21 -1
10: 2 21 2 39 -1
2: 2 21 2 -1
110: 39 21 2 2 -1
110: 51 172 74 21 2 -1
2: -1
110: 2 95 -1
45: 10 2 -1
110: 94 2 -1
10: 2 5 -1
10: 21 2 21 -1
10: 2 -1
110: 2 21 30 77 -1
39: 2 -1
15: 2 21 90 39 -1
15: 2 -1
115: 2 -1
53: 2 -1
110: 2 21 30 21 30 21 -1
38: 2 -1
38: 2 -1
45: 21 30 30 2 2 -1
53: 21 2 -1
10: 2 -1
53: 2 -1
39: 2 21 30 -1
47: 21 2 21 2 -1
132: 39 10 15 21 2 21 30 241 39 77 2 310 309 321 2 15 -1
132: 77 2 -1
53: 2 21 30 21 -1
53: 2 -1
104: 2 53 -1
110: 21 15 21 2 39 -1
53: 2 30 -1
138: 2 -1
2: 15 2 39 312 2 -1
72: 2 30 21 30 21 30 -1
110: -1
2: 16 39 16 46 -1
72: 16 -1
72: 16 -1
138: 16 -1
138: -1
138: -1
138: -1
137: 90 -1
17: 53 16 -1
138: 53 -1
110: -1
2: 15 -1
2: -1
10: 120 -1
2: 120 77 -1
132: 136 -1
10: 136 -1
10: -1
72: 120 -1
2: 120 -1
39: -1
110: -1
110: 39 90 -1
132: 41 16 10 39 15 116 321 21 10 2 -1
110: 39 39 -1
39: 39 39 -1
39: -1
2: 10 -1
138: 10 -1
10: -1
2: 10 21 -1
10: 2 -1
10: -1
110: -1
39: 53 16 -1
17: 128 -1
2: -1
10: -1
2: -1
10: -1
2: 94 -1
39: 273 2 51 -1
39: 10 51 -1
10: -1
5: -1
10: -1
10: -1
2: 10 -1
2: 10 -1
2: 10 -1
128: -1
53: -1
53: -1
132: -1
53: -1
117: 15 2 -1
38: 189 -1
10: 137 104 139 -1
207: -1
17: -1
53: 104 -1
132: -1
132: -1
15: -1
15: -1
132: -1
10: -1
15: -1
134: -1
17: -1
132: -1
138: -1
138: -1
15: -1
38: 17 -1
38: 17 -1
38: 17 -1
15: 149 74 2 112 113 90 2 -1
15: 149 -1
217: -1
38: -1
104: -1
104: -1
15: 74 149 -1
217: 21 -1
138: 74 149 -1
15: 74 149 -1
217: -1
15: 74 149 -1
139: 21 2 -1
38: 21 -1
15: 74 149 -1
15: 74 149 -1
237: 77 2 21 -1
134: 312 21 24 2 -1
15: 21 -1
15: 21 -1
17: 21 -1
15: 74 149 -1
132: 74 149 -1
237: 21 -1
15: 21 -1
15: 39 21 -1
15: 21 -1
138: 21 2 -1
15: 149 -1
15: 74 149 -1
15: 74 149 -1
147: 21 -1
110: 21 -1
15: 21 -1
15: 149 74 -1
15: 149 -1
15: 21 -1
138: 21 -1
104: 21 -1
232: 21 -1
15: 74 149 -1
15: 21 -1
110: 21 2 -1
138: 21 -1
138: 21 -1
138: 74 149 -1
139: 74 149 -1
215: 21 -1
272: -1
138: 21 -1
10: 137 138 21 104 -1
15: 2 21 -1
110: -1
10: 2 -1
2: 120 123 97 -1
2: -1
215: 28 2 -1
138: -1
69: -1
69: -1
117: 10 -1
117: 2 -1
272: -1
110: -1
138: 270 -1
138: -1
2: 53 186 -1
2: -1
110: 53 186 -1
2: -1
117: 31 -1
215: 31 -1
115: 31 -1
164: 31 -1
190: -1
190: 31 -1
10: 31 78 15 -1
15: 31 -1
190: 31 -1
10: 90 31 -1
190: -1
2: -1
2: -1
17: 94 -1
17: 94 -1
17: 94 -1
17: 193 -1
17: 193 -1
17: 193 -1
17: 193 -1
17: 193 -1
17: 193 -1
17: 193 -1
17: 193 -1
17: 193 -1
17: -1
17: 193 -1
17: 193 -1
17: 193 -1
17: 193 -1
17: 193 -1
17: 193 -1
17: 193 -1
17: 2 39 53 -1
32: 15 111 -1
32: 15 111 -1
32: 15 111 -1
32: 15 111 -1
32: 15 111 10 27 2 -1
72: -1
32: 15 111 -1
32: 15 111 10 27 -1
32: 15 111 51 2 2 -1
72: -1
32: 15 111 -1
32: 15 111 2 51 -1
32: 15 111 2 -1
17: -1
32: 15 111 -1
32: 15 111 -1
2: 15 111 -1
32: 15 111 -1
17: 15 111 -1
32: 111 -1
2: 312 -1
2: -1
338: 31 30 21 -1
338: 30 -1
338: 241 90 30 2 2 10 2 39 2 137 -1
2: 15 30 -1
337: -1
179: -1
2: -1
110: -1
200: -1
200: -1
115: -1
128: 53 -1
72: -1
17: 16 -1
92: 15 -1
2: 37 -1
202: -1
37: 134 -1
37: 15 135 -1
37: 15 135 -1
32: -1
53: -1
117: 122 -1
117: 39 -1
17: -1
338: 15 -1
10: 39 34 -1
351: 90 -1
207: 241 -1
207: -1
17: -1
37: -1
200: -1
200: -1
15: -1
15: -1
15: -1
15: -1
117: -1
117: -1
132: -1
392: -1
379: 16 -1
17: -1
38: 15 -1
15: -1
110: -1
17: 53 -1
215: 144 53 -1
215: 144 -1
132: 144 -1
15: 144 -1
15: 144 -1
15: -1
53: -1
110: -1
38: -1
38: 39 -1
38: 297 -1
38: 2 -1
38: -1
38: 145 -1
38: 145 -1
38: 145 -1
38: 145 -1
38: 145 -1
38: 145 -1
38: 145 -1
38: 145 -1
38: 145 -1
38: 145 -1
38: 145 -1
38: 145 -1
415: -1
38: 146 -1
415: -1
132: -1
38: -1
2: -1
2: 2 2 2 2 -1
109: -1
0: 170 -1
32: -1
10: -1
417: 94 -1
109: -1
215: -1
141: -1
417: -1
417: -1
38: -1
38: -1
109: -1
147: -1
38: -1
115: -1
38: -1
115: -1
10: -1
10: -1
139: -1
217: -1
147: -1
10: -1
110: -1
39: -1
147: -1
2: 39 -1
10: -1
10: -1
147: 2 -1
110: -1
134: -1
0: -1
0: -1
10: -1
2: -1
110: -1
138: -1
138: -1
215: 243 -1
139: -1
231: -1
231: 41 -1
37: 273 41 2 -1
139: 41 -1
10: 108 39 2 10 27 2 186 16 90 39 41 -1
217: 90 115 41 39 -1
44: 41 -1
44: 41 241 -1
415: 41 -1
110: 41 -1
110: 41 -1
110: 41 -1
15: 41 -1
235: 41 53 -1
231: 41 241 51 -1
2: 115 41 2 77 90 -1
231: 183 -1
231: 77 41 -1
492: 39 41 273 51 2 -1
115: 41 -1
479: 41 16 10 -1
17: 2 105 2 10 41 241 115 31 10 -1
15: 41 -1
15: 41 39 -1
251: 105 41 241 10 2 330 2 317 -1
51: 41 241 -1
260: 77 41 241 10 2 10 -1
260: 41 10 -1
2: 41 10 -1
260: 41 -1
38: -1
2: 105 2 10 41 241 115 31 10 -1
110: 77 90 39 2 28 41 15 -1
110: 39 41 39 -1
110: 41 47 39 15 -1
51: 41 15 -1
53: 41 -1
53: 2 241 41 -1
38: 105 2 10 41 241 115 31 10 -1
38: 77 27 41 -1
15: 41 -1
254: 94 37 15 39 2 41 273 2 2 -1
38: -1
2: -1
2: -1
254: 48 -1
232: 48 311 -1
232: 48 -1
232: 48 311 -1
232: 48 -1
38: 265 -1
515: 48 -1
15: 48 186 -1
515: 48 263 -1
517: -1
232: 94 16 2 -1
2: 16 39 16 46 -1
2: -1
110: -1
517: 53 -1
157: 53 -1
517: -1
37: -1
37: 272 -1
37: 2 -1
38: 10 -1
38: 10 111 -1
38: 51 -1
38: 10 -1
2: -1
15: -1
10: -1
110: 51 -1
15: -1
254: -1
15: -1
15: 2 -1
15: 51 53 -1
92: 51 273 -1
5: 51 2 291 51 53 -1
538: 51 -1
538: 51 51 -1
272: 51 -1
272: 51 -1
72: 51 273 51 2 -1
132: 51 -1
110: 51 -1
110: 51 -1
538: 51 2 53 -1
545: 51 51 274 51 2 -1
532: 51 273 -1
532: 51 -1
15: 51 51 -1
15: -1
515: 51 -1
138: 51 -1
515: 51 -1
515: -1
37: 51 -1
115: 51 -1
39: 51 2 -1
92: 90 51 51 190 53 -1
38: 2 202 51 -1
92: 51 51 51 274 51 51 39 16 10 -1
10: 51 273 -1
551: 51 -1
38: 2 51 -1
38: 51 51 273 -1
515: 51 -1
138: 51 -1
545: 51 -1
545: 51 -1
51: 51 -1
15: -1
45: 51 51 273 -1
547: 51 -1
92: 51 -1
92: 51 51 273 -1
592: 51 -1
10: 10 51 51 291 -1
579: 51 -1
38: -1
539: 37 -1
2: 37 -1
279: -1
279: -1
45: 39 2 -1
45: 39 -1
72: 39 -1
45: -1
17: -1
110: -1
138: 10 9 -1
607: 53 16 65 -1
72: -1
72: -1
10: 53 -1
10: -1
32: -1
10: 53 -1
72: -1
72: -1
10: -1
15: -1
10: 53 -1
9: -1
72: -1
72: -1
47: -1
10: 53 -1
10: 53 -1
10: 53 -1
10: 53 -1
38: 9 -1
38: 37 10 37 -1
10: -1
38: -1
38: 37 -1
38: -1
38: -1
38: -1
38: 53 37 -1
38: 5 -1
38: -1
38: 53 37 -1
38: 53 37 -1
38: -1
38: 53 37 -1
38: 111 -1
15: -1
38: 53 37 -1
38: 53 37 -1
72: 9 -1
38: 10 -1
9: -1
38: 37 -1
38: 37 37 -1
38: -1
38: 53 37 -1
10: 46 -1
38: 46 -1
38: -1
637: -1
615: 53 -1
10: 53 -1
10: 53 -1
2: -1
2: 53 -1
638: 2 -1
38: 189 -1
38: 300 190 37 37 37 -1
632: -1
2: -1
38: -1
615: -1
10: 2 -1
615: -1
615: 2 -1
38: 182 48 -1
615: -1
191: -1
191: -1
45: -1
38: -1
190: -1
37: -1
38: 146 -1
38: 34 39 -1
615: 34 39 -1
10: 34 39 -1
645: 34 39 -1
645: -1
645: -1
310: -1
32: -1
647: 34 -1
191: 51 128 -1
191: 51 -1
692: 51 326 2 -1
15: 108 326 51 -1
15: 329 326 51 -1
32: 51 -1
34: 326 51 -1
615: 326 51 -1
39: 51 -1
272: 51 -1
327: 326 51 -1
327: 27 51 2 -1
92: 90 27 27 2 326 51 28 37 10 10 10 21 51 -1
92: 27 27 2 326 51 -1
5: 51 -1
327: 51 -1
310: 326 51 -1
310: 326 51 -1
34: 326 51 -1
2: 27 27 326 51 -1
710: 108 326 51 27 -1
710: 326 51 -1
72: -1
137: -1
710: -1
15: -1
137: 28 -1
710: -1
15: 330 -1
15: 330 78 15 103 333 -1
15: 330 77 -1
15: -1
178: -1
310: 335 -1
715: -1
310: -1
310: -1
715: -1
32: -1
310: -1
310: -1
310: -1
310: -1
310: -1
310: -1
310: -1
717: -1
60: 33 -1
310: 335 39 2 39 336 337 338 -1
2: 39 90 -1
0: 16 -1
1: 57 -1
2: 16 39 16 46 -1
2: -1
2: -1
2: 15 -1
2: -1
2: -1
2: 94 16 2 -1
7: 120 122 123 97 -1
9: -1
9: 39 39 -1
10: -1
10: -1
2: -1
2: -1
10: 53 28 37 128 84 101 -1
10: 16 15 0 10 -1
2: 16 131 0 10 -1
10: 16 -1
2: 2 2 -1
10: 133 134 15 136 41 -1
2: 137 138 139 104 105 2 143 -1
2: -1
2: 108 -1
10: -1
15: 145 146 -1
15: 2 -1
2: 2 -1
15: -1
17: 149 74 2 112 113 90 2 -1
10: 2 -1
17: 53 -1
17: 120 -1
17: 176 16 -1
17: 178 179 -1
17: 180 -1
17: 182 -1
17: 183 -1
17: 74 -1
32: 53 186 -1
32: -1
17: 10 10 10 -1
17: 94 -1
37: 193 -1
10: -1
38: 15 111 2 -1
38: 197 198 -1
9: 2 2 200 53 39 39 -1
41: 53 16 -1
10: 108 -1
37: 134 -1
38: 15 135 136 207 208 -1
38: 138 138 -1
38: 16 139 104 16 53 16 53 16 139 104 -1
38: 141 214 143 2 10 -1
38: 16 139 104 16 53 16 53 16 139 104 -1
38: 16 10 -1
37: 144 -1
15: 16 139 -1
38: 39 -1
38: 145 -1
32: 146 -1
32: 109 147 28 2 5 223 0 30 15 224 16 53 227 228 10 48 21 27 149 53 150 2 2 10 27 112 112 113 2 10 53 237 10 2 53 90 21 16 0 0 0 7 10 10 21 115 241 242 243 -1
38: 265 2 2 -1
45: 28 9 2 10 2 2 2 2 -1
32: 272 -1
32: 2 2 273 274 2 -1
15: 37 -1
38: 296 297 -1
15: 21 65 113 128 111 37 111 37 111 10 37 9 111 5 37 37 37 37 -1
45: -1
15: 300 189 37 37 10 37 190 -1
15: 2 303 2 304 305 -1
32: 15 111 15 -1
15: -1
72: 15 309 310 -1
72: 109 2 -1
2: 312 15 -1
38: 146 33 -1
51: 318 319 34 39 -1
51: 330 78 15 103 333 -1
39: 30 40 33 335 33 33 336 337 338 33 33 33 33 33 33 339 53 33 -1
39: -1
15: 21 2 -1
45: 21 2 -1
45: 77 2 46 241 312 21 15 146 39 112 -1
45: 2 241 0 -1
45: 41 -1
72: 0 41 53 -1
72: -1
47: 57 -1
72: 57 -1
72: 1 -1
92: 1 -1
92: 1 -1
79: 1 -1
2: 15 90 -1
39: -1
15: -1
15: -1
2: 15 -1
53: 2 -1
53: 2 -1
2: -1
37: 90 2 2 -1
2: 228 -1
37: 2 2 -1
2: 15 2 -1
53: 2 51 2 2 74 10 273 27 90 -1
2: 2 51 2 2 10 273 27 90 -1
15: 2 74 149 -1
15: 112 113 90 2 74 149 -1
15: 2 21 312 2 2 21 -1
10: 2 21 2 39 -1
2: 2 21 2 -1
110: 39 21 2 2 -1
110: 51 172 74 21 2 -1
2: -1
110: 2 95 -1
45: 10 2 -1
110: 94 2 -1
10: 2 5 -1
10: 21 2 21 -1
10: 2 -1
110: 2 21 30 77 -1
39: 2 -1
15: 2 21 90 39 -1
15: 2 -1
115: 2 -1
53: 2 -1
110: 2 21 30 21 30 21 -1
38: 2 -1
38: 2 -1
45: 21 30 30 2 2 -1
53: 21 2 -1
10: 2 -1
53: 2 -1
39: 2 21 30 -1
47: 21 2 21 2 -1
132: 39 10 15 21 2 21 30 241 39 77 2 310 309 321 2 15 -1
132: 77 2 -1
53: 2 21 30 21 -1
53: 2 -1
104: 2 53 -1
110: 21 15 21 2 39 -1
53: 2 30 -1
138: 2 -1
2: 15 2 39 312 2 -1
72: 2 30 21 30 21 30 -1
110: -1
2: 16 39 16 46 -1
72: 16 -1
72: 16 -1
138: 16 -1
138: -1
138: -1
138: -1
137: 90 -1
17: 53 16 -1
138: 53 -1
110: -1
2: 15 -1
2: -1
10: 120 -1
2: 120 77 -1
132: 136 -1
10: 136 -1
10: -1
72: 120 -1
2: 120 -1
39: -1
110: -1
110: 39 90 -1
132: 41 16 10 39 15 116 321 21 10 2 -1
110: 39 39 -1
39: 39 39 -1
39: -1
2: 10 -1
138: 10 -1
10: -1
2: 10 21 -1
10: 2 -1
10: -1
110: -1
39: 53 16 -1
17: 128 -1
2: -1
10: -1
2: -1
10: -1
2: 94 -1
39: 273 2 51 -1
39: 10 51 -1
10: -1
5: -1
10: -1
10: -1
2: 10 -1
2: 10 -1
2: 10 -1
128: -1
53: -1
53: -1
132: -1
53: -1
117: 15 2 -1
38: 189 -1
10: 137 104 139 -1
207: -1
17: -1
53: 104 -1
132: -1
132: -1
15: -1
15: -1
132: -1
10: -1
15: -1
134: -1
17: -1
132: -1
138: -1
138: -1
15: -1
38: 17 -1
38: 17 -1
38: 17 -1
15: 149 74 2 112 113 90 2 -1
15: 149 -1
217: -1
38: -1
104: -1
104: -1
15: 74 149 -1
217: 21 -1
138: 74 149 -1
15: 74 149 -1
217: -1
15: 74 149 -1
139: 21 2 -1
38: 21 -1
15: 74 149 -1
15: 74 149 -1
237: 77 2 21 -1
134: 312 21 24 2 -1
15: 21 -1
15: 21 -1
17: 21 -1
15: 74 149 -1
132: 74 149 -1
237: 21 -1
15: 21 -1
15: 39 21 -1
15: 21 -1
138: 21 2 -1
15: 149 -1
15: 74 149 -1
15: 74 149 -1
147: 21 -1
110: 21 -1
15: 21 -1
15: 149 74 -1
15: 149 -1
15: 21 -1
138: 21 -1
104: 21 -1
232: 21 -1
15: 74 149 -1
15: 21 -1
110: 21 2 -1
138: 21 -1
138: 21 -1
138: 74 149 -1
139: 74 149 -1
215: 21 -1
272: -1
138: 21 -1
10: 137 138 21 104 -1
15: 2 21 -1
110: -1
10: 2 -1
2: 120 123 97 -1
2: -1
215: 28 2 -1
138: -1
69: -1
69: -1
117: 10 -1
117: 2 -1
272: -1
110: -1
138: 270 -1
138: -1
2: 53 186 -1
2: -1
110: 53 186 -1
2: -1
117: 31 -1
215: 31 -1
115: 31 -1
164: 31 -1
190: -1
190: 31 -1
10: 31 78 15 -1
15: 31 -1
190: 31 -1
10: 90 31 -1
190: -1
2: -1
2: -1
17: 94 -1
17: 94 -1
17: 94 -1
17: 193 -1
17: 193 -1
17: 193 -1
17: 193 -1
17: 193 -1
17: 193 -1
17: 193 -1
17: 193 -1
17: 193 -1
17: -1
17: 193 -1
17: 193 -1
17: 193 -1
17: 193 -1
17: 193 -1
17: 193 -1
17: 193 -1
17: 2 39 53 -1
32: 15 111 -1
32: 15 111 -1
32: 15 111 -1
32: 15 111 -1
32: 15 111 10 27 2 -1
72: -1
32: 15 111 -1
32: 15 111 10 27 -1
32: 15 111 51 2 2 -1
72: -1
32: 15 111 -1
32: 15 111 2 51 -1
32: 15 111 2 -1
17: -1
32: 15 111 -1
32: 15 111 -1
2: 15 111 -1
32: 15 111 -1
17: 15 111 -1
32: 111 -1
2: 312 -1
2: -1
338: 31 30 21 -1
338: 30 -1
338: 241 90 30 2 2 10 2 39 2 137 -1
2: 15 30 -1
337: -1
179: -1
2: -1
110: -1
200: -1
200: -1
115: -1
128: 53 -1
72: -1
17: 16 -1
92: 15 -1
2: 37 -1
202: -1
37: 134 -1
37: 15 135 -1
37: 15 135 -1
32: -1
53: -1
117: 122 -1
117: 39 -1
17: -1
338: 15 -1
10: 39 34 -1
351: 90 -1
207: 241 -1
207: -1
17: -1
37: -1
200: -1
200: -1
15: -1
15: -1
15: -1
15: -1
117: -1
117: -1
132: -1
392: -1
379: 16 -1
17: -1
38: 15 -1
15: -1
110: -1
17: 53 -1
215: 144 53 -1
215: 144 -1
132: 144 -1
15: 144 -1
15: 144 -1
15: -1
53: -1
110: -1
38: -1
38: 39 -1
38: 297 -1
38: 2 -1
38: -1
38: 145 -1
38: 145 -1
38: 145 -1
38: 145 -1
38: 145 -1
38: 145 -1
38: 145 -1
38: 145 -1
38: 145 -1
38: 145 -1
38: 145 -1
38: 145 -1
415: -1
38: 146 -1
415: -1
132: -1
38: -1
2: -1
2: 2 2 2 2 -1
109: -1
0: 170 -1
32: -1
10: -1
417: 94 -1
109: -1
215: -1
141: -1
417: -1
417: -1
38: -1
38: -1
109: -1
147: -1
38: -1
115: -1
38: -1
115: -1
10: -1
10: -1
139: -1
217: -1
147: -1
10: -1
110: -1
39: -1
147: -1
2: 39 -1
10: -1
10: -1
147: 2 -1
110: -1
134: -1
0: -1
0: -1
10: -1
2: -1
110: -1
138: -1
138: -1
215: 243 -1
139: -1
231: -1
231: 41 -1
37: 273 41 2 -1
139: 41 -1
10: 108 39 2 10 27 2 186 16 90 39 41 -1
217: 90 115 41 39 -1
44: 41 -1
44: 41 241 -1
415: 41 -1
110: 41 -1
110: 41 -1
110: 41 -1
15: 41 -1
235: 41 53 -1
231: 41 241 51 -1
2: 115 41 2 77 90 -1
231: 183 -1
231: 77 41 -1
492: 39 41 273 51 2 -1
115: 41 -1
479: 41 16 10 -1
17: 2 105 2 10 41 241 115 31 10 -1
15: 41 -1
15: 41 39 -1
251: 105 41 241 10 2 330 2 317 -1
51: 41 241 -1
260: 77 41 241 10 2 10 -1
260: 41 10 -1
2: 41 10 -1
260: 41 -1
38: -1
2: 105 2 10 41 241 115 31 10 -1
110: 77 90 39 2 28 41 15 -1
110: 39 41 39 -1
110: 41 47 39 15 -1
51: 41 15 -1
53: 41 -1
53: 2 241 41 -1
38: 105 2 10 41 241 115 31 10 -1
38: 77 27 41 -1
15: 41 -1
254: 94 37 15 39 2 41 273 2 2 -1
38: -1
2: -1
2: -1
254: 48 -1
232: 48 311 -1
232: 48 -1
232: 48 311 -1
232: 48 -1
38: 265 -1
515: 48 -1
15: 48 186 -1
515: 48 263 -1
517: -1
232: 94 16 2 -1
2: 16 39 16 46 -1
2: -1
110: -1
517: 53 -1
157: 53 -1
517: -1
37: -1
37: 272 -1
37: 2 -1
38: 10 -1
38: 10 111 -1
38: 51 -1
38: 10 -1
2: -1
15: -1
10: -1
110: 51 -1
15: -1
254: -1
15: -1
15: 2 -1
15: 51 53 -1
92: 51 273 -1
5: 51 2 291 51 53 -1
538: 51 -1
538: 51 51 -1
272: 51 -1
272: 51 -1
72: 51 273 51 2 -1
132: 51 -1
110: 51 -1
110: 51 -1
538: 51 2 53 -1
545: 51 51 274 51 2 -1
532: 51 273 -1
532: 51 -1
15: 51 51 -1
15: -1
515: 51 -1
138: 51 -1
515: 51 -1
515: -1
37: 51 -1
115: 51 -1
39: 51 2 -1
92: 90 51 51 190 53 -1
38: 2 202 51 -1
92: 51 51 51 274 51 51 39 16 10 -1
10: 51 273 -1
551: 51 -1
38: 2 51 -1
38: 51 51 273 -1
515: 51 -1
138: 51 -1
545: 51 -1
545: 51 -1
51: 51 -1
15: -1
45: 51 51 273 -1
547: 51 -1
92: 51 -1
92: 51 51 273 -1
592: 51 -1
10: 10 51 51 291 -1
579: 51 -1
38: -1
539: 37 -1
2: 37 -1
279: -1
279: -1
45: 39 2 -1
45: 39 -1
72: 39 -1
45: -1
17: -1
110: -1
138: 10 9 -1
607: 53 16 65 -1
72: -1
72: -1
10: 53 -1
10: -1
32: -1
10: 53 -1
72: -1
72: -1
10: -1
15: -1
10: 53 -1
9: -1
72: -1
72: -1
47: -1
10: 53 -1
10: 53 -1
10: 53 -1
10: 53 -1
38: 9 -1
38: 37 10 37 -1
10: -1
38: -1
38: 37 -1
38: -1
38: -1
38: -1
38: 53 37 -1
38: 5 -1
38: -1
38: 53 37 -1
38: 53 37 -1
38: -1
38: 53 37 -1
38: 111 -1
15: -1
38: 53 37 -1
38: 53 37 -1
72: 9 -1
38: 10 -1
9: -1
38: 37 -1
38: 37 37 -1
38: -1
38: 53 37 -1
10: 46 -1
38: 46 -1
38: -1
637: -1
615: 53 -1
10: 53 -1
10: 53 -1
2: -1
2: 53 -1
638: 2 -1
38: 189 -1
38: 300 190 37 37 37 -1
632: -1
2: -1
38: -1
615: -1
10: 2 -1
615: -1
615: 2 -1
38: 182 48 -1
615: -1
191: -1
191: -1
45: -1
38: -1
190: -1
37: -1
38: 146 -1
38: 34 39 -1
615: 34 39 -1
10: 34 39 -1
645: 34 39 -1
645: -1
645: -1
310: -1
32: -1
647: 34 -1
191: 51 128 -1
191: 51 -1
692: 51 326 2 -1
15: 108 326 51 -1
15: 329 326 51 -1
32: 51 -1
34: 326 51 -1
615: 326 51 -1
39: 51 -1
272: 51 -1
327: 326 51 -1
327: 27 51 2 -1
92: 90 27 27 2 326 51 28 37 10 10 10 21 51 -1
92: 27 27 2 326 51 -1
5: 51 -1
327: 51 -1
310: 326 51 -1
310: 326 51 -1
34: 326 51 -1
2: 27 27 326 51 -1
710: 108 326 51 27 -1
710: 326 51 -1
72: -1
137: -1
710: -1
15: -1
137: 28 -1
710: -1
15: 330 -1
15: 330 78 15 103 333 -1
15: 330 77 -1
15: -1
178: -1
310: 335 -1
715: -1
310: -1
310: -1
715: -1
32: -1
310: -1
310: -1
310: -1
310: -1
310: -1
310: -1
310: -1
717: -1
60: 33 -1
310: 335 39 2 39 336 337 338 -1
2: 39 90 -1
