0: 138 -1
1: 182 183 12 -1
2: 218 -1
3: -1
4: -1
5: 325 273 273 273 273 -1
6: -1
7: 367 371 281 373 374 375 284 377 378 3 379 380 280 280 383 384 385 386 -1
8: 413 414 -1
9: 424 -1
8: -1
11: 464 465 466 467 4 379 468 469 470 29 473 474 26 333 476 477 35 479 480 481 344 483 484 289 22 0 487 344 344 344 491 73 380 35 333 319 495 172 497 498 499 97 500 501 502 503 3 504 505 506 213 507 344 344 334 49 378 511 512 239 344 344 345 517 364 364 364 364 345 344 344 344 344 344 344 344 344 344 344 344 344 344 344 344 341 364 152 344 344 344 547 -1
12: 1 183 182 -1
13: 561 356 563 564 372 372 372 372 372 372 372 372 372 372 372 372 372 372 372 372 -1
14: 218 -1
15: 596 -1
16: 600 -1
17: 601 382 382 382 3 382 382 382 382 382 611 382 382 382 615 616 617 -1
18: -1
19: 631 690 691 692 3 378 694 73 696 697 698 699 700 701 402 73 73 705 706 707 708 709 474 710 711 712 713 396 715 3 717 718 719 720 721 722 723 420 421 420 421 420 421 420 421 732 733 734 735 736 737 738 739 740 741 742 743 744 745 746 747 748 749 750 751 752 753 754 755 756 757 758 759 760 761 762 763 447 447 766 767 768 769 770 771 772 773 774 775 776 777 778 420 420 420 420 420 421 -1
20: 786 787 788 789 790 791 792 793 794 795 495 3 796 797 798 799 800 801 802 803 287 26 805 806 807 808 710 73 810 707 811 812 813 284 815 816 817 818 819 820 821 822 823 824 378 825 826 713 73 828 829 830 831 509 833 499 160 501 426 22 837 838 426 426 841 842 426 844 426 511 847 426 511 850 851 426 426 64 426 426 512 426 859 426 861 426 863 426 426 866 867 426 511 871 872 -1
2: 218 -1
22: 880 881 882 883 -1
23: 884 537 537 955 -1
24: 182 960 59 -1
25: 963 54 379 964 40 36 55 965 30 -1
26: -1
27: -1
28: 1035 1037 1038 -1
29: 1042 -1
30: 1047 -1
31: 1052 1053 1054 1055 1056 479 1058 1059 1060 1061 1062 1063 -1
32: 1093 1094 1095 1099 1100 1101 596 596 596 596 596 596 1108 1110 1112 1113 1114 -1
17: -1
34: -1
35: 1122 -1
36: 1144 1145 1146 1147 616 1149 1150 616 616 1155 1156 1157 -1
37: 1163 -1
38: 1164 505 4 73 0 172 1166 1167 1168 1169 1170 1171 1172 58 -1
11: 1 -1
40: -1
41: -1
42: -1
43: 1179 344 594 1183 3 1185 3 1186 1187 640 640 640 594 -1
1: -1
45: 1196 -1
46: -1
47: 1220 1223 1224 580 1226 653 1229 653 653 653 653 653 653 653 653 653 653 653 653 1242 -1
48: 35 1243 1244 1245 1246 1247 1164 502 1248 274 -1
49: -1
50: 1271 3 789 1273 502 1274 1275 1276 1277 1278 1279 1280 1281 1282 1283 3 1285 343 1287 -1
51: 344 344 694 707 715 789 502 -1
52: 1437 -1
53: 600 -1
54: 1446 1447 1448 1449 1454 696 -1
55: 1456 1457 3 378 27 1458 707 1459 1460 -1
56: 22 35 379 213 5 473 1464 426 1466 500 1467 44 1469 720 1470 707 1472 1473 1474 706 1476 1477 1479 -1
57: 1487 1492 1493 1497 1499 1501 -1
58: 1536 -1
59: -1
60: 1584 760 1586 -1
61: 382 -1
62: 1667 1675 1677 1678 1679 -1
14: 160 596 -1
64: 807 1684 1685 1686 1687 1688 35 -1
65: 1691 803 281 281 281 1695 281 1697 281 1699 281 1701 281 507 281 1704 281 1706 281 1708 281 3 281 281 294 414 -1
66: 1760 1777 -1
67: 9 807 160 1063 1685 26 1781 160 380 706 172 830 2 5 5 343 378 1786 -1
68: 1787 -1
36: -1
70: -1
71: 281 1042 -1
72: 755 474 771 479 402 707 1816 721 3 692 378 1819 1820 -1
73: 1823 1824 1686 3 -1
74: 594 594 594 594 594 594 594 594 594 594 594 594 594 594 594 594 594 594 -1
64: 281 1042 -1
76: 1862 812 1863 1864 3 1866 1867 -1
77: 380 473 320 1872 800 800 1875 1217 73 73 161 1 707 1879 1880 1881 3 378 1882 1883 73 1885 789 792 1886 1145 1887 787 58 73 495 26 1684 1248 1889 810 379 1891 8 82 73 2 12 165 1893 1894 800 1896 800 1898 1899 1900 1901 1902 819 1904 1905 1906 1907 -1
78: 1916 1917 1918 -1
40: 1196 -1
80: 218 -1
81: 1939 1940 1941 1942 1943 -1
82: 469 1901 1945 1946 468 1947 1948 1949 1950 1951 1952 1953 1954 1955 1956 1957 1958 1959 1960 1961 334 1963 41 1964 1965 1966 1967 1968 1969 1970 1971 1972 1973 1974 1975 1976 142 1978 1979 1980 1981 1982 1983 1984 1985 1986 1987 1988 1989 1990 1906 841 1992 1993 1035 334 1995 1996 1997 1998 1999 2000 2001 2002 334 2004 349 2006 2007 2008 2009 2010 2011 2012 2013 801 2014 2015 2016 2017 2018 334 2020 334 2022 2023 2024 2025 2026 2027 2028 2029 2030 2031 2032 1907 2033 2034 2035 2036 2037 2038 2039 2040 334 2042 2043 2044 926 2046 2047 2048 2049 2050 511 2051 2052 333 2054 2055 22 2057 2058 3240 2059 2061 2063 22 2065 2066 1164 2067 333 2069 2070 2071 2072 2073 2074 2075 2076 2077 2078 2079 2080 2081 173 2082 2083 2084 2085 2086 2087 2088 2089 754 2090 2091 2092 2093 2094 2095 2096 2097 2098 2099 2100 2101 2102 2103 2104 2105 2106 222 2108 2109 2110 2111 2112 2113 2114 2115 2116 2117 2118 2119 2120 333 2122 2123 2124 2125 2126 2127 709 2128 2129 2130 2131 2132 2133 2134 2135 2136 2137 2138 988 2140 2141 2142 2143 2144 2145 2146 2148 2149 2150 2151 2152 2153 2154 2155 473 319 319 484 185 2160 2161 1464 704 2163 2164 2165 2166 2167 2168 2169 2170 2171 2172 2173 2174 2175 2176 2177 2178 2179 2180 2181 2182 333 2185 2186 2187 2188 2189 2190 2192 2193 2194 2195 2197 2198 2199 2200 2201 334 2203 161 2205 2206 2207 2208 2209 2210 786 2211 2212 2213 2214 2215 797 1695 2216 2217 2218 2219 2220 2221 1078 2223 1078 1078 1078 2227 1078 1078 2230 2231 2232 2233 2234 2235 712 682 2237 2238 2239 2240 1078 1078 817 1078 2244 715 2245 2246 2247 2248 2249 2250 1078 2252 2253 1078 1078 1078 1078 1078 1078 1078 1078 2262 2263 22 2265 2267 1063 2268 2269 2270 2271 183 2272 2273 1111 2275 2276 2277 2278 2279 2280 2281 2282 2283 2284 707 2285 2286 2287 2288 2289 2290 2291 2292 1127 161 2295 2296 1127 2298 2299 2300 2301 161 2303 2304 2305 2306 2307 2308 2309 1093 328 2311 2312 2313 466 2314 467 2315 2316 1891 2317 2318 2319 2320 2321 2322 2323 2324 27 2325 2326 2327 2328 2329 2330 2331 2332 391 2334 334 2336 0 2337 2338 2339 2340 2341 2342 2343 2344 2345 2346 2347 2348 380 2349 17 2350 1043 2352 157 2353 2354 2355 2356 2357 334 2359 2360 2361 2362 2363 2364 2365 2366 342 512 167 2369 2370 2371 2372 2373 2374 2375 220 2379 2 193 2382 2383 4 1470 2384 2385 2386 2387 2388 22 161 333 333 333 2394 60 2396 2397 2399 2400 2401 2402 2404 2405 2406 2407 2408 8 2409 59 2410 2411 2412 2413 160 2414 2415 2416 2417 2418 2419 2420 2421 22 2423 2424 752 510 2427 297 370 2430 2431 333 12 2433 2435 2436 2437 2438 2439 2441 22 2443 2444 46 2445 505 220 2447 2448 2449 2450 2451 830 2452 22 22 22 2456 2457 2458 2459 2460 800 2461 1 22 2463 801 2466 161 1240 756 333 2471 2472 333 753 1872 161 22 22 320 2478 2479 2480 266 182 2482 2483 2484 333 165 69 -1
83: 2520 -1
84: 789 2524 1287 -1
85: 2576 -1
86: 2581 694 707 2585 2586 757 58 375 284 378 3 819 789 502 2589 -1
87: 2595 778 2597 2598 24 2600 2601 2602 1294 1294 622 -1
22: 161 161 160 561 707 715 3 -1
89: 2639 -1
90: 2641 -1
91: 2642 -1
92: 3 3 3 3 3 3 801 721 -1
93: 625 2662 -1
94: 2667 941 941 789 2670 502 3 344 -1
95: 344 344 344 -1
96: 281 1042 -1
97: 2682 -1
98: 1287 1287 1287 1287 1287 1287 1287 1287 1287 1287 1287 1287 1287 1287 1287 1287 1287 1287 1287 1287 1287 1287 1287 629 2713 2714 -1
99: 2727 622 -1
100: 2733 -1
101: 2737 2738 26 2739 2740 2741 792 306 2743 3 2745 2746 3 2748 -1
102: 273 273 273 273 273 273 273 273 273 273 273 273 273 273 273 273 273 273 273 273 273 273 273 273 273 273 273 273 273 273 -1
103: 22 -1
104: 2787 -1
105: -1
106: 2806 2807 1339 1339 1339 1339 1339 -1
82: 3 3 3 3 3 3 801 721 -1
108: 2818 344 -1
109: 2821 2822 402 2823 2824 707 692 2825 3 161 160 378 694 161 399 2830 2831 2832 696 2833 2834 22 2836 2837 700 2838 2839 2840 2841 73 2842 2843 2844 2845 2846 2847 2848 22 706 2850 1347 2852 2853 2854 324 406 22 2858 698 2859 2860 22 1360 2863 2864 2865 22 22 2868 2303 22 2870 69 479 2871 2872 333 2874 2875 2373 709 2876 682 474 711 2878 712 2879 2880 2244 2881 710 2882 2883 2884 1127 2886 222 73 22 340 22 510 73 2893 2894 2895 2896 759 2898 2899 2900 2901 2902 2306 2903 2904 2905 2906 715 1281 3 717 2908 718 2909 2910 1380 505 22 2913 22 2915 2916 2917 1342 2919 2920 2921 173 2922 396 441 2925 2926 1412 1342 2929 2930 2931 2932 2933 1276 1342 1380 22 2937 2939 2940 -1
18: 2972 2973 2974 1432 1432 2977 24 2979 1434 1434 1434 1434 771 160 2985 4 4 172 36 24 36 -1
111: 382 394 2994 2995 1437 2997 -1
112: 3001 506 3003 1440 3005 3006 36 36 3008 333 333 3010 3011 1445 1445 3014 2985 109 4 3016 183 284 720 3018 3019 3020 -1
113: -1
114: 3024 1452 1452 1452 1452 1452 1452 1452 1452 3033 1452 3037 -1
115: -1
116: 3068 3069 3070 3071 3072 3073 3074 1474 3076 -1
117: -1
118: 3079 3080 -1
119: 3081 58 787 3082 26 1 771 1246 1034 1816 3 1706 320 792 3085 1281 11 502 3 830 3086 499 3088 3089 -1
120: -1
12: 2373 3096 755 474 707 510 1816 692 789 502 3 3 3099 3100 1281 3 682 3 3 3103 2150 375 -1
59: 2373 281 281 281 3096 755 281 474 281 707 281 510 1816 281 692 281 789 281 502 281 281 3 281 3 281 281 3099 281 3100 281 281 281 1281 281 281 3 682 281 3 281 3 3103 281 2150 281 375 281 281 820 281 3129 281 22 73 3133 22 3135 3136 73 3138 3139 3140 2832 400 22 701 3143 3144 402 697 22 706 22 3147 22 22 73 73 3150 22 3151 73 3153 73 3155 3156 73 3158 3159 3160 73 161 73 294 414 -1
44: 2373 3164 1244 793 599 3081 3165 755 2214 3166 1276 3167 58 3168 799 802 803 474 3169 26 1695 3170 222 3171 105 3172 694 3173 820 479 3174 1246 1034 3175 1685 3176 1697 3177 3178 3179 141 3181 3182 1699 3183 800 807 3184 378 3 1701 3185 3186 1684 707 1880 3187 812 3188 1183 1816 2024 3189 3190 3191 1706 1824 7 3192 3193 3194 3195 692 3196 3197 505 3199 3200 502 3201 3202 3203 3204 3205 2169 3088 3206 3207 3208 1185 3209 3210 3211 3212 3 -1
99: 1469 4 1433 800 36 3217 36 58 3 771 -1
125: 3223 1562 3226 1564 3229 1564 1564 3232 -1
126: 3237 -1
127: 3238 3239 3240 73 3242 73 3244 22 3246 3247 3248 3249 3250 3251 3252 3253 3254 3255 1583 1582 3258 3259 3260 3261 3262 3263 3264 3265 3266 3267 22 3269 3270 3271 3272 3273 3274 941 220 3276 3277 3278 3279 3280 3281 3282 1573 3284 3285 3286 3287 1592 3289 3290 3291 1433 3293 3294 -1
128: 3301 -1
129: 382 394 2994 1437 1437 1438 -1
130: 1122 3314 3315 -1
3: -1
132: -1
117: 58 473 1145 26 509 789 792 115 3362 3 820 284 378 -1
115: 382 394 2994 1437 1437 1438 -1
135: 3370 3372 3373 3374 3377 1561 1561 1561 -1
136: 3382 3383 711 3385 4 3386 46 69 1 2444 2844 -1
137: 3405 2233 3406 3407 3408 3409 -1
138: -1
111: 4 172 0 505 73 1164 1166 35 -1
140: 0 -1
141: 0 3078 2322 810 3221 426 373 2311 744 -1
142: 0 -1
125: 0 -1
11: 0 -1
126: 0 -1
146: 2902 0 -1
147: 2 2375 0 1093 373 378 -1
148: 466 0 512 -1
149: 6 0 2435 46 2448 220 -1
94: 2787 0 2341 2337 2311 2315 2046 2179 512 2160 3175 823 787 505 1816 793 3166 3171 2354 816 3197 818 791 822 3189 786 1244 599 58 284 1034 1697 692 378 -1
151: 2168 0 -1
152: 0 -1
153: 2311 0 2 -1
154: 2024 -1
155: 2168 2179 2824 0 -1
156: 2094 2018 793 3166 816 2359 2397 2399 2285 183 2413 2408 2416 2423 2430 2483 1905 1968 1997 2008 2030 2024 511 2052 2375 0 167 2013 -1
157: 466 2337 0 2311 2349 -1
158: 73 1164 0 -1
159: 385 0 1276 -1
126: 0 -1
161: 1960 512 0 3174 -1
162: 0 18 512 -1
114: 0 -1
164: 2165 0 -1
131: 2168 0 -1
166: 1907 2186 1816 0 2303 1891 402 3221 2 -1
167: 1901 2014 2084 2024 0 -1
168: 0 -1
136: 3069 2338 0 -1
170: 3 0 -1
171: 0 -1
172: 2863 0 512 -1
173: -1
174: 0 -1
164: 0 -1
126: 3078 0 -1
177: 694 2824 2863 0 1276 -1
178: 1028 2737 2137 0 2863 2824 1458 2024 -1
140: 0 1122 1224 -1
180: 0 -1
181: 0 -1
182: -1
183: -1
1: 12 -1
1: 12 -1
186: 1781 1575 380 2 466 82 379 1891 473 172 2382 2510 2483 73 220 2448 800 1872 1360 69 35 4 73 2315 1469 1476 12 1 497 500 2435 2133 49 -1
187: 1 744 2863 -1
59: 379 59 12 160 720 2457 800 1 2463 161 2413 380 320 2435 830 500 426 2285 704 -1
1: 1467 -1
1: 73 87 473 -1
191: 1276 2080 2863 1028 2902 3240 1 -1
11: 2285 1 -1
193: 1459 2024 1 213 373 222 220 2483 -1
35: 1 161 1217 800 -1
195: 183 1 380 -1
196: 721 473 800 380 320 1 497 694 -1
73: 2 1 1028 -1
198: 2134 -1
199: 1 12 380 157 183 0 2360 2046 2024 1965 1035 2385 2027 841 1781 2413 -1
200: 426 1 -1
22: 161 1093 3240 1 2413 69 26 807 3 466 -1
202: 1 -1
1: 182 -1
73: 1 -1
205: 1 -1
206: 2847 1 2285 69 3253 -1
1: 800 2463 801 73 2478 266 1872 69 -1
1: 320 -1
1: 380 1781 1467 828 466 0 157 342 512 -1
28: 500 2435 35 2444 49 -1
211: 1 -1
41: 2458 1 380 73 800 2463 1875 320 266 1872 73 69 -1
213: -1
214: -1
2: 218 -1
216: -1
2: 218 -1
218: 2 213 214 2 216 2 176 176 -1
176: -1
176: -1
22: 218 -1
222: 218 -1
223: 218 -1
224: 213 -1
225: 2 -1
226: 218 -1
227: 35 379 58 213 5 1464 426 1466 172 1467 44 1469 720 1470 707 1472 1473 706 1476 1477 -1
228: 218 -1
229: 8 3201 1891 473 213 -1
58: 505 2 2435 46 12 220 333 2447 22 1568 2445 752 22 2837 8 2402 2412 2413 2169 35 -1
231: 218 -1
232: 2232 2 2994 -1
2: 861 213 373 580 3078 385 3 378 58 -1
234: 218 -1
2: 218 -1
236: 789 2 4 -1
237: 161 22 2860 402 501 22 213 73 414 -1
2: 218 -1
211: 1197 2863 1459 373 2824 3252 213 -1
240: 2320 2375 2439 3 2051 -1
241: 2 2186 757 813 -1
242: 218 -1
243: 2034 2 1433 82 1891 380 172 505 3189 -1
21: 284 707 3 -1
245: 3 2863 1028 -1
246: 2863 3 694 2375 2088 3252 3266 469 1093 2458 2303 2133 1706 1701 2896 2 3221 3249 222 414 -1
247: 284 3 58 3192 378 -1
248: 3 794 -1
249: 58 1685 115 3 -1
250: 742 3362 3 747 -1
251: 3 -1
252: 771 115 707 2585 58 426 3 284 -1
253: 2172 -1
254: 3 -1
255: 3 794 2133 -1
256: 3 -1
257: 3 794 2133 -1
258: 1708 3 58 -1
259: 3 794 1145 -1
260: 1786 378 757 58 3 1816 -1
261: 3 2349 473 -1
262: 3 -1
214: 2186 2084 3273 2863 3 803 -1
209: 694 707 721 3 -1
265: 3 -1
266: 3 26 792 2483 -1
267: 426 3 2863 -1
268: 3 -1
236: 1948 3 497 -1
270: 2420 841 2088 182 1950 2024 1965 1905 3 1983 2033 -1
271: 771 707 1816 3 378 22 721 757 -1
272: 3 -1
273: 3 801 -1
274: 789 473 3078 173 2863 694 3 2092 1816 -1
209: 2824 7 8 3240 1781 379 473 26 792 172 12 3 830 49 7 2205 2024 385 2 3221 694 2863 1093 2373 213 682 3069 1035 1891 214 222 373 744 2084 2170 426 426 757 861 866 2937 2066 2169 117 3210 1551 378 284 867 707 1816 2585 1273 58 1552 -1
22: 3 2169 2334 -1
277: 707 757 3 378 755 58 -1
278: 3 -1
240: 173 3 378 -1
280: 3 3069 -1
281: 720 501 800 4 109 -1
282: 4 213 -1
283: 4 -1
284: 120 186 172 210 711 782 4 2985 3014 36 -1
51: 4 -1
286: 4 3286 -1
287: 4 -1
222: 2080 2169 4 -1
289: 4 -1
290: 2058 2080 58 1224 2014 4 2 213 497 757 -1
291: 4 284 3221 -1
292: 4 -1
293: 4 2985 812 -1
294: 4 -1
295: 4 -1
296: 4 3069 -1
58: 4 2894 2430 2014 1960 35 -1
298: 1093 4 2863 473 3240 2824 213 2303 -1
299: 4 3008 -1
300: 4 -1
301: 4 1816 2200 -1
302: 1551 4 -1
303: 4 1278 1551 -1
304: 1551 4 7 2585 2024 -1
305: 4 -1
306: 213 2512 2863 2682 385 694 580 4 757 218 469 473 -1
307: 4 220 -1
308: 4 333 160 -1
84: 4 2985 -1
38: 789 1781 4 109 3020 3014 380 172 49 2985 220 -1
311: 222 1028 2863 4 160 284 173 373 7 218 2824 694 -1
312: 4 -1
313: 222 3008 4 -1
314: 4 -1
315: 4 -1
316: 2413 2145 2863 4 2133 222 3293 -1
317: 4 -1
318: 426 3069 4 -1
319: 4 -1
320: 4 218 -1
32: 580 2863 4 -1
322: 4 3240 2824 1176 -1
323: 4 -1
324: 4 -1
325: 2458 -1
273: -1
273: -1
273: 5 -1
273: 5 -1
330: 1122 -1
274: 1244 -1
274: 469 1901 1945 1946 468 1947 1948 1949 1950 1951 1952 1953 1954 1955 1956 1957 1958 1959 1960 1961 334 1963 41 1964 1965 1966 1967 1968 1969 1970 1971 1972 1973 1974 1975 1976 142 1978 1979 1980 1981 1982 1983 1984 1985 1986 1987 1988 1989 1990 1906 841 1992 1993 1035 334 1995 1996 1997 1998 1999 2000 2001 2002 334 2004 349 2006 2007 2008 2009 2010 2011 2012 2013 801 2014 2015 2016 2017 2018 334 2020 334 2022 2023 2024 2025 2026 2027 2028 2029 2030 2031 2032 1907 2033 2034 2035 2036 2037 2038 2039 2040 334 2042 2043 2044 926 2046 2047 2048 2049 2050 511 2051 2052 333 2054 2055 22 2057 2058 3240 2059 324 2061 324 2063 22 73 2066 1164 2067 333 2069 2070 2071 2072 2073 2074 2075 2076 2077 2078 2079 2080 2081 173 2082 2083 2084 2085 2086 2087 2088 2089 754 2090 2091 2092 2093 2094 2095 2096 2097 2098 2099 2100 2101 2102 2103 2104 2105 2106 222 2108 2109 2110 2111 2112 2113 2114 2115 2116 2117 2118 2119 2120 333 2122 2123 2124 2125 2126 2127 709 2128 2129 2130 2131 2132 2133 2134 2135 2136 2137 2138 988 2140 2141 2142 2143 2144 2145 2146 324 2148 2149 2150 2151 2152 2153 2154 2155 473 319 319 484 185 2160 2161 1464 704 2163 2164 2165 2166 2167 2168 2169 2170 2171 2172 2173 2174 2175 2176 2177 2178 2179 2180 2181 2182 324 333 2185 2186 2187 2188 2189 2190 73 2192 2193 2194 2195 73 2197 2198 2199 2200 2201 334 2203 161 2205 2206 2207 2208 2209 2210 786 2211 2212 2213 2214 2215 797 1695 2216 2217 2218 2219 2220 2221 1078 2223 1078 1078 1078 2227 1078 1078 2230 2231 2232 2233 2234 2235 712 682 2237 2238 2239 2240 1078 1078 817 1078 2244 715 2245 2246 2247 2248 2249 2250 1078 2252 2253 1078 1078 1078 1078 1078 1078 1078 1078 2262 2263 22 2265 324 2267 1063 2268 2269 2270 2271 183 2272 2273 1111 2275 2276 2277 2278 2279 2280 2281 2282 2283 2284 707 2285 2286 2287 2288 2289 2290 2291 2292 1127 161 2295 2296 1127 2298 2299 2300 2301 161 2303 2304 2305 2306 2307 2308 2309 1093 328 2311 2312 2313 466 2314 467 2315 2316 1891 2317 2318 2319 2320 2321 2322 2323 2324 27 2325 2326 2327 2328 2329 2330 2331 2332 391 2334 334 2336 0 2337 2338 2339 2340 2341 2342 2343 2344 2345 2346 2347 2348 380 2349 17 2350 1043 2352 157 2353 2354 2355 2356 2357 334 2359 2360 2361 2362 2363 2364 2365 2366 342 512 167 2369 2370 2371 2372 2373 2374 2375 73 73 220 2379 73 2 193 2382 2383 4 1470 2384 2385 2386 2387 2388 22 161 333 333 333 2394 60 2396 2397 73 2399 2400 2401 2402 73 2404 2405 2406 2407 2408 8 2409 59 2410 2411 2412 2413 160 2414 2415 2416 2417 2418 2419 2420 2421 22 2423 2424 752 510 2427 297 370 2430 2431 333 12 2433 2434 2435 2436 2437 2438 2439 73 73 2441 22 2443 2444 46 2445 505 220 2447 2448 2449 2450 2451 830 2452 22 22 22 2456 2457 2458 2459 2460 800 2461 1 22 2463 73 801 2466 161 1240 756 333 2471 2472 333 753 1872 161 22 22 320 73 2478 2479 2480 266 182 2482 2483 2484 333 165 69 -1
317: 1695 -1
274: 2329 -1
274: 813 -1
274: 1685 -1
274: 3 -1
274: 1244 -1
311: 3 -1
274: 1685 -1
274: 3 -1
274: 808 1122 -1
274: 79 2639 -1
31: 27 -1
274: 59 1568 -1
274: 625 -1
274: 502 -1
274: 801 -1
274: 830 -1
274: 46 -1
274: 505 -1
352: 505 -1
274: 2837 -1
274: 27 -1
274: 220 -1
274: 3 -1
274: 2154 -1
274: 27 -1
6: -1
360: -1
6: -1
362: 6 6 6 -1
314: 58 6 2448 -1
364: 6 0 2435 220 35 -1
58: 6 2448 58 35 -1
35: 58 6 2448 58 -1
367: -1
7: 367 371 281 373 280 280 383 384 385 386 -1
274: 371 281 373 374 280 383 384 385 386 -1
7: 367 371 281 373 374 2024 173 707 280 383 384 385 386 -1
371: -1
281: -1
373: -1
374: -1
364: -1
284: -1
377: -1
378: -1
274: 182 172 69 -1
380: -1
280: -1
280: -1
383: -1
384: -1
385: -1
386: -1
7: 367 371 281 373 374 744 280 280 383 385 386 -1
322: 371 281 373 280 383 384 385 386 -1
7: 371 281 373 374 1034 49 497 509 500 828 160 501 280 383 384 385 386 -1
7: 367 371 281 373 2024 3078 280 280 383 384 385 386 -1
7: 373 280 383 384 385 386 -1
7: 367 371 281 373 374 2585 280 383 384 385 386 -1
7: 371 281 373 2024 280 383 384 385 386 -1
7: 367 371 281 373 374 2024 173 707 280 383 384 385 386 -1
395: 367 7 7 7 371 281 373 280 280 383 384 385 386 -1
7: 371 281 373 374 280 383 384 385 386 -1
7: 371 281 373 374 383 384 385 861 -1
7: 367 371 281 373 280 280 383 384 385 386 -1
7: 371 281 373 280 383 384 385 386 -1
7: 371 281 373 280 383 384 385 386 -1
7: 371 281 373 1220 218 469 280 383 384 385 386 -1
7: 373 374 383 384 385 386 -1
7: 371 281 373 374 280 383 384 385 386 -1
7: 367 371 281 373 374 280 280 383 384 385 386 -1
7: 371 281 373 374 280 383 384 385 386 -1
7: 367 371 281 373 374 280 280 383 384 385 386 -1
7: 367 371 281 373 280 280 383 384 385 386 -1
7: 371 281 373 20 280 383 384 385 386 -1
7: 371 281 373 280 383 384 385 386 -1
48: 371 281 373 280 383 384 385 386 -1
7: 367 371 281 373 374 2267 426 280 280 383 384 385 386 -1
7: 371 281 373 374 801 1281 3 280 383 384 385 386 -1
413: -1
414: -1
8: 414 -1
8: 414 -1
8: 414 -1
418: 793 3081 3197 3166 58 26 810 284 3139 1246 1034 3171 3175 822 1247 3 1685 800 807 1684 812 1816 816 3189 823 2787 789 792 3193 502 3205 378 2354 466 1948 1956 1905 1960 1958 1968 1969 1986 1906 1997 2004 2020 2025 2032 1907 2039 2048 2052 1781 1467 2311 8 1891 500 473 2510 2419 8 0 160 501 380 3078 499 73 830 2366 49 720 333 2824 4 1992 1900 2423 2894 -1
419: 3078 506 1781 793 786 2863 1244 599 3081 3197 735 3166 473 58 3168 799 3082 2458 474 26 810 3172 284 818 706 1246 1034 3171 3175 1685 822 3176 1697 3 3179 141 791 712 3164 800 807 161 3184 3186 1684 707 1880 3187 812 1183 1816 2024 3189 816 3190 823 7 2787 2483 3192 1706 3195 692 787 1145 789 792 115 505 502 798 801 3201 1551 3202 3203 2301 378 3088 3206 3208 3209 3212 2354 469 466 468 1891 1948 94 1905 1958 2115 1965 1970 1980 1981 1986 1990 1906 0 1992 1999 2004 2349 157 334 2020 2025 2027 1907 2039 2040 2046 2048 511 512 2052 2311 380 73 778 49 8 379 1 12 830 720 499 2366 501 8 160 73 333 2370 73 497 1900 796 -1
35: 2 333 2402 2413 8 2412 752 1568 12 2435 46 2445 505 220 2447 2837 2169 22 22 58 -1
42: 580 3221 2024 8 -1
422: 793 3081 3197 3166 58 26 810 284 3139 1246 1034 3171 3175 822 1247 1685 800 807 1684 812 1816 816 3189 823 2787 789 792 3193 502 3 3205 378 2354 466 1905 2055 1960 1958 1968 1969 1986 1906 1997 2004 2020 2025 2032 1907 2039 2014 2048 2052 2447 1781 1467 2311 1891 500 2387 2510 2419 8 0 2412 160 380 3078 2483 499 2435 73 3240 830 2366 49 720 333 2824 4 1992 1900 2423 2894 -1
423: 2080 473 319 1464 1957 8 2160 2155 2169 319 -1
424: -1
8: 414 -1
426: 284 8 2863 720 2585 794 694 -1
8: 414 -1
428: 8 -1
429: 2899 1093 8 2301 -1
430: 8 -1
431: 8 0 512 -1
432: 58 8 12 3078 -1
8: 218 2338 1459 2896 2863 385 473 213 8 2824 -1
434: 2414 818 3139 2406 8 1816 2435 58 -1
435: 373 8 -1
436: 35 8 -1
437: 8 426 1464 -1
438: 707 561 8 819 1887 792 379 502 1894 58 710 3 815 1902 694 767 -1
7: 213 8 -1
440: 8 -1
303: 2413 8 2375 -1
442: 629 213 8 2863 3078 2262 218 -1
443: 173 4 73 2863 213 694 8 1816 744 172 505 49 2306 222 -1
41: 8 694 -1
445: 0 1 5 8 3 -1
446: 484 2478 8 -1
447: 2080 8 2463 2169 379 801 507 3081 1 26 115 1347 509 -1
8: 414 -1
449: 58 284 8 707 789 495 757 3 213 49 378 3069 -1
11: 73 830 2311 2315 3078 73 73 319 319 8 1 -1
451: 373 8 -1
452: 707 561 8 819 1887 792 379 502 1894 58 710 3 815 1902 694 767 -1
453: 473 8 2863 2913 1469 402 -1
454: 8 -1
58: 8 7 35 -1
456: 213 794 2338 222 8 172 2603 744 3221 -1
303: 161 2408 8 22 2483 -1
458: 414 8 -1
459: 1891 8 467 512 2373 2379 497 501 172 830 49 4 59 1476 12 2435 73 2363 22 2424 -1
460: 8 373 -1
308: 1093 8 3 3240 3069 -1
462: 117 284 378 8 426 2863 694 373 -1
414: 707 561 8 819 1887 792 379 502 1894 58 710 3 815 1902 694 767 -1
464: -1
465: -1
466: -1
467: -1
468: -1
436: -1
470: -1
10: 2080 2863 1093 2195 1904 1907 794 2072 -1
10: 426 58 73 284 1273 707 2585 20 789 495 1894 794 -1
473: -1
474: -1
464: 160 -1
476: -1
477: 2048 -1
35: 2860 1885 694 1476 2843 2844 2169 1093 -1
440: -1
480: -1
481: -1
344: -1
483: -1
484: -1
289: -1
22: -1
487: -1
422: -1
344: -1
344: -1
491: -1
73: -1
333: 414 -1
319: -1
495: -1
172: -1
497: -1
498: -1
499: -1
500: -1
501: -1
502: -1
503: -1
504: -1
505: -1
506: -1
507: -1
344: -1
344: -1
58: -1
511: -1
512: 3174 -1
239: 325 273 273 -1
344: -1
344: -1
345: -1
517: -1
364: -1
364: -1
364: -1
52: -1
345: -1
344: -1
344: -1
344: -1
344: -1
344: -1
344: -1
344: -1
344: -1
344: -1
344: -1
517: -1
344: -1
344: -1
344: -1
344: -1
341: -1
511: -1
152: -1
344: -1
344: -1
344: -1
51: 2024 -1
10: 2863 744 3069 -1
10: 289 3240 2014 -1
547: -1
548: 11 -1
549: 2075 792 11 222 3217 109 -1
550: 2844 11 20 -1
333: 58 1551 213 2863 -1
11: 1 -1
11: 2863 -1
554: 1464 1957 380 12 -1
338: 2994 222 2133 2349 694 3221 2713 1467 1470 12 -1
11: 183 2285 1470 473 1464 -1
11: 3168 -1
11: 807 -1
11: 1 182 -1
95: 0 30 1047 12 391 220 -1
561: 694 69 2841 2844 2843 -1
356: -1
344: -1
564: -1
372: -1
372: -1
372: -1
372: -1
344: -1
372: -1
372: -1
372: -1
372: -1
372: -1
564: -1
372: -1
372: -1
372: -1
152: -1
372: -1
581: 13 -1
373: 13 -1
373: 13 -1
373: 7 13 -1
585: 586 13 -1
586: 13 -1
587: 13 -1
345: 372 372 372 372 372 372 372 564 372 372 372 372 372 372 372 372 372 -1
373: 13 -1
13: 26 -1
13: 2740 -1
592: 2737 -1
13: 218 -1
13: 218 -1
595: 218 -1
596: -1
58: 15 35 -1
35: 15 58 -1
599: -1
600: -1
601: -1
382: -1
382: -1
382: -1
3: -1
382: -1
382: -1
382: -1
382: -1
68: -1
611: -1
382: -1
382: -1
382: -1
615: -1
616: -1
617: -1
16: 382 382 382 382 382 615 616 617 -1
619: 620 -1
620: -1
62: -1
389: 2169 -1
158: 484 319 1467 2510 1469 160 2285 18 172 2287 2435 73 379 2133 333 -1
624: 841 1999 2052 1948 1950 1951 1955 1958 1905 1960 470 2863 1965 1967 1968 1970 1979 1980 1981 1985 1986 1990 1993 2000 2001 2004 349 2008 2012 2011 801 2017 94 2022 2025 2027 1995 2032 1907 2024 2039 2047 2048 511 2051 1947 2320 2321 2055 41 2327 1969 2314 1984 2189 2483 161 2028 7 2030 2362 735 2075 2080 3240 2086 2322 2090 2094 2115 2136 2137 2146 466 0 2349 18 157 2363 342 512 2311 2315 2461 2373 1567 2466 2379 3249 319 319 -1
5: 325 273 273 -1
5: 325 273 273 -1
627: 2315 512 18 3069 -1
391: 2315 0 1907 3069 2373 1244 793 2746 1276 58 474 26 3170 222 105 1246 1034 3171 1685 822 3197 2232 141 2084 800 3184 3185 807 1684 707 3187 1183 1816 3189 721 3190 3406 7 3192 2585 2880 173 2906 692 787 1145 789 115 792 3199 1864 1281 2024 757 1278 502 798 801 3202 3 3 3 1063 2284 2301 820 378 818 717 3210 3211 1781 18 2412 512 -1
629: 469 1948 1950 1951 1955 1958 1905 1960 470 2863 1965 1967 1968 1970 1979 1980 1981 1985 1986 1990 841 1993 2000 1999 2001 2004 349 2008 2012 2011 801 2017 94 2022 2025 2027 1995 2032 1907 2024 2039 2047 2048 511 2051 2052 1947 2320 2321 2055 41 2327 1969 2314 1984 2189 2483 161 2028 2030 2362 735 2075 2080 3240 2086 2322 2090 2094 2115 2136 2137 2146 466 0 2349 18 157 2363 342 512 2311 2315 2461 2373 1567 2466 2379 3249 319 319 -1
630: 1891 -1
631: 2349 -1
18: 631 3078 469 1093 -1
617: 631 426 426 426 863 386 -1
18: 631 -1
18: 631 -1
18: 631 2435 -1
18: 631 719 2084 -1
18: 631 -1
611: 631 -1
18: 631 3176 2863 2824 218 -1
18: 631 -1
18: 631 -1
18: 631 -1
61: 631 -1
18: 631 -1
18: 631 -1
18: 631 -1
18: 631 -1
18: 631 1276 -1
18: 631 -1
18: 631 -1
18: 631 2349 2013 1093 2863 3069 469 744 473 3240 1244 2074 3078 1276 3191 2133 1280 2132 2200 2430 -1
18: 631 3078 -1
18: 631 -1
18: 631 2 3069 3078 682 737 49 3182 -1
18: 631 -1
18: 631 -1
18: 631 2824 744 694 1813 1456 2863 2682 -1
18: 631 -1
18: 631 -1
18: 631 426 426 -1
18: 631 2483 2303 -1
382: 631 690 7 -1
18: 631 -1
18: 631 -1
18: 631 -1
18: 631 -1
18: 631 794 -1
18: 631 -1
18: 631 3078 3194 -1
18: 631 -1
18: 631 173 2024 2133 -1
18: 631 -1
18: 631 3182 -1
18: 631 -1
18: 631 -1
18: 631 -1
18: 631 2931 378 1276 22 2937 2929 98 2939 -1
18: 631 621 -1
18: 631 -1
18: 631 -1
18: 631 -1
18: 631 -1
18: 631 -1
18: 631 -1
18: 631 -1
18: 631 -1
389: 631 1276 -1
18: 631 1891 1954 -1
690: -1
691: -1
692: -1
3: -1
694: -1
73: -1
696: -1
697: -1
698: -1
699: -1
700: -1
701: 2841 694 -1
402: 360 2863 1122 -1
73: -1
73: -1
705: -1
706: 700 2830 69 73 820 -1
707: -1
708: -1
709: -1
78: -1
711: -1
712: -1
713: -1
396: -1
715: -1
3: -1
717: -1
718: 375 561 706 402 713 3 790 -1
719: -1
720: -1
72: -1
722: -1
723: -1
420: 502 -1
421: -1
420: -1
421: -1
420: 3044 -1
421: -1
420: 1281 -1
421: -1
732: -1
717: -1
734: -1
735: -1
736: -1
737: -1
738: -1
711: -1
740: -1
741: -1
742: -1
743: 734 -1
71: -1
745: -1
746: -1
747: -1
748: -1
749: -1
750: -1
751: -1
752: -1
753: -1
754: -1
755: -1
756: 1122 -1
757: -1
758: -1
759: -1
760: -1
761: -1
762: -1
396: -1
447: -1
447: -1
766: -1
767: -1
768: -1
736: -1
770: -1
771: -1
772: -1
773: -1
774: -1
447: -1
776: -1
777: -1
778: 2994 -1
740: -1
420: -1
420: -1
420: -1
420: -1
421: -1
785: 694 707 3 19 2585 757 -1
786: -1
787: -1
722: -1
789: -1
790: -1
791: -1
792: -1
793: -1
794: -1
795: -1
796: -1
797: -1
798: -1
799: -1
800: -1
801: -1
802: 3082 -1
803: -1
287: 182 807 -1
805: -1
806: -1
807: -1
808: 1122 -1
73: -1
22: 1276 -1
811: 2329 -1
812: -1
813: -1
284: -1
815: 694 3221 -1
816: -1
817: -1
818: -1
819: 3 -1
820: -1
82: -1
822: -1
823: -1
824: -1
825: -1
826: -1
73: 320 -1
828: -1
829: -1
830: -1
831: -1
509: -1
817: 49 -1
160: 182 -1
426: -1
22: 414 -1
837: -1
838: -1
811: -1
426: -1
841: -1
842: -1
426: -1
81: -1
426: -1
511: -1
847: -1
426: -1
511: -1
850: -1
851: -1
426: -1
426: -1
64: 1042 -1
426: -1
426: -1
512: -1
426: -1
859: -1
426: -1
861: 222 -1
426: -1
284: -1
426: -1
426: -1
866: -1
867: -1
426: -1
22: -1
870: 871 872 -1
871: -1
872: -1
873: 1965 426 20 6 -1
524: 871 872 -1
426: 20 -1
876: 20 -1
877: 213 -1
878: 3221 2 -1
426: 284 2844 2 373 385 426 101 2 -1
880: -1
881: -1
882: -1
883: -1
884: -1
21: 884 537 955 -1
537: -1
21: 884 537 537 955 -1
822: 884 537 537 955 -1
21: 884 537 537 955 -1
21: 884 537 537 955 -1
21: 884 537 537 955 -1
21: 884 537 537 955 -1
21: 884 537 537 955 -1
21: 884 537 537 955 -1
21: 884 537 537 955 -1
21: 884 537 537 955 -1
21: 884 537 537 955 -1
21: 884 537 537 955 -1
21: 884 537 537 955 -1
21: 884 537 537 955 -1
21: 884 537 537 955 -1
21: 884 537 537 955 -1
21: 884 537 537 955 -1
21: 884 537 537 955 -1
21: 884 537 537 955 -1
21: 884 537 537 955 -1
21: 884 537 537 955 -1
21: 884 537 537 955 -1
21: 884 537 537 955 -1
98: 884 537 537 955 -1
21: 884 537 537 955 -1
21: 884 537 537 955 -1
21: 884 537 537 955 -1
21: 884 537 537 955 -1
21: 884 537 537 955 -1
21: 884 537 537 955 -1
21: 884 537 537 955 -1
21: 884 537 537 955 -1
21: 884 537 537 955 -1
21: 884 537 537 955 -1
92: 884 537 537 955 -1
21: 884 537 537 955 -1
21: 884 537 537 955 -1
21: 884 537 537 955 -1
21: 884 537 537 955 -1
21: 884 537 537 955 -1
21: 884 537 537 955 -1
21: 884 537 537 955 -1
21: 884 537 537 955 -1
21: 884 537 537 955 -1
21: 884 537 537 955 -1
21: 884 537 537 955 -1
21: 884 537 537 955 -1
21: 884 537 537 955 -1
21: 884 537 537 955 -1
21: 884 537 537 955 -1
21: 884 537 537 955 -1
21: 884 537 537 955 -1
21: 884 537 537 955 -1
21: 884 537 537 955 -1
21: 884 537 537 955 -1
21: 884 537 537 955 -1
21: 884 537 537 955 -1
91: 884 537 537 955 -1
21: 884 537 537 955 -1
21: 884 537 537 955 -1
21: 884 537 537 955 -1
21: 884 537 537 955 -1
21: 884 537 537 955 -1
21: 884 537 537 955 -1
21: 884 537 537 955 -1
952: 884 537 -1
21: 884 537 537 955 -1
537: -1
955: 21 -1
22: 807 -1
22: 161 1240 2413 -1
22: 222 960 2431 1063 -1
22: 3249 69 2457 73 2413 103 2444 73 2463 1875 161 73 333 320 2479 266 1872 2458 800 753 960 182 183 2285 1467 -1
960: 222 -1
961: 26 24 183 2285 -1
390: 2412 213 2435 5 161 810 2406 22 1470 2285 500 473 1464 484 380 2457 1093 73 800 2463 1875 2408 2413 161 2459 73 333 24 22 320 2478 266 1872 35 4 2384 183 1 2402 160 391 73 12 3 2444 46 2445 220 2448 2483 2451 2450 2133 73 2409 -1
21: -1
964: -1
965: -1
23: 963 -1
23: 963 40 36 8 379 49 2 15 34 13 77 42 8 -1
23: 963 -1
21: 963 117 69 792 20 2448 132 15 136 -1
23: 963 2447 220 505 2844 -1
23: 963 26 73 509 49 2451 77 -1
23: 963 4 2287 2985 26 -1
23: 963 1905 40 1968 93 58 2027 2008 73 -1
23: 963 2020 719 2012 160 2092 -1
964: 963 3 11 792 46 49 70 91 35 30 -1
23: 963 807 3192 160 3199 474 3181 -1
23: 963 20 112 2451 -1
23: 963 2447 2287 182 44 -1
21: 963 13 964 77 2 55 20 73 -1
23: 963 2072 2413 2408 2843 -1
23: 963 20 -1
23: 963 807 2483 -1
23: 963 -1
23: 963 2902 473 -1
23: 963 97 119 98 -1
23: 963 -1
23: 963 77 -1
21: 963 -1
23: 963 98 20 -1
23: 963 -1
23: 963 -1
24: -1
24: -1
24: -1
2: 218 -1
996: 26 -1
997: 792 2746 26 -1
998: 26 2737 -1
160: 26 -1
22: 26 222 -1
1001: 26 49 -1
1002: 26 -1
25: 707 7 -1
1004: 26 -1
1005: 27 24 24 24 -1
1006: 26 3 -1
1007: 737 2024 2929 2940 1145 26 284 384 807 115 792 3 -1
1008: 213 2024 385 26 -1
40: 26 1881 1196 -1
108: 694 26 -1
1011: 26 998 -1
1012: 26 -1
160: 26 -1
1014: 789 707 3 378 800 1244 599 1880 3212 3 1145 26 792 1034 807 1684 1246 3 3 -1
1015: 26 2133 -1
559: 26 2133 -1
1017: 1960 26 2133 3078 1063 1276 2305 -1
25: 707 7 -1
1019: 998 3 2748 2739 792 2746 3 26 2284 -1
215: 26 2740 792 2355 1684 -1
102: 26 694 3129 792 378 721 -1
1022: 26 3 -1
1023: 26 3 -1
1024: 26 3221 385 -1
1025: 26 -1
1026: 27 26 1034 3088 3212 707 -1
555: 694 26 -1
1028: -1
161: 27 1360 69 2844 720 35 2863 2937 1960 2929 385 426 373 1278 580 1781 -1
551: 27 24 24 24 -1
551: 27 24 24 24 -1
24: 3069 -1
1017: 707 7 1880 -1
1034: -1
1035: 1037 26 -1
26: 1035 1037 1038 -1
1037: 26 1038 -1
1038: 26 -1
1011: 1042 -1
64: 2373 2200 -1
64: 2373 2200 -1
1042: -1
27: 1042 -1
101: 1042 -1
27: 1042 -1
27: 1042 -1
1047: 2211 1685 807 3168 1684 222 58 1034 3206 30 -1
1048: 2 2899 30 -1
1049: 2084 807 2169 1121 697 30 2303 -1
1050: 797 -1
1051: 3240 1684 1685 1034 3 58 30 1695 173 2133 -1
1052: -1
1053: -1
1054: -1
1055: -1
1056: -1
479: -1
1058: -1
1059: -1
1060: -1
1061: -1
1062: -1
1014: -1
29: 1052 1053 1054 1055 1056 -1
29: 1052 1053 1054 1055 1056 -1
29: 1052 1053 1054 1055 1056 -1
29: 1052 1053 1054 1055 1056 807 -1
29: 1052 1053 1054 1055 1056 797 -1
26: 1052 1053 1054 1055 1056 -1
29: 1052 1053 1054 1055 1056 1062 -1
29: 1052 1053 1054 1055 1056 2413 -1
29: 1052 1053 1054 1055 1056 -1
29: 1052 1053 1054 1055 1056 -1
29: 1052 1053 1054 1055 1056 -1
29: 1052 1053 1054 1055 1056 -1
29: 1052 1053 1054 1055 1056 -1
29: 1052 1053 1054 1055 1056 -1
29: 1052 1053 1054 1055 1056 -1
64: 1052 1053 1054 1055 1056 -1
29: 1052 1053 1054 1055 1056 2427 -1
29: 1052 1053 1054 1055 1056 -1
29: 1052 1053 1054 1055 1056 -1
29: 1052 1053 1054 1055 1056 1060 -1
29: 1052 1053 1054 1055 1056 2169 -1
29: 1052 1053 1054 1055 1056 -1
29: 1052 1053 1054 1055 1056 -1
29: 1052 1053 1054 1055 1056 2303 2080 -1
1022: 1052 1053 1054 1055 1056 -1
29: 1052 1053 1054 1055 1056 1063 -1
29: 1052 1053 1054 1055 1056 2206 -1
29: 1052 1053 1054 1055 1056 3249 -1
1092: -1
1093: 1092 593 593 593 593 -1
1094: 593 1110 -1
1095: 593 -1
1096: 1093 1094 1095 1100 1101 596 596 596 596 596 596 -1
593: 1093 1095 2902 1094 -1
593: 1093 1094 1095 -1
1099: -1
1100: -1
1101: 593 -1
596: 593 -1
596: 593 -1
596: 593 -1
596: 593 -1
596: 593 -1
182: 593 -1
1108: 593 -1
593: -1
118: -1
593: 1093 1094 1095 -1
1112: 1092 2902 1094 1093 593 593 593 -1
1113: -1
1114: -1
593: 1093 1094 1095 -1
593: 1093 1094 1095 1100 1101 596 596 596 596 596 596 1108 1110 1112 1113 1114 -1
593: 1095 -1
593: -1
58: 17 35 -1
35: 17 58 -1
112: -1
159: -1
144: 59 182 1781 2133 160 379 35 172 73 2287 2510 5 -1
199: 3190 -1
1125: 2451 2483 2133 3240 2382 1781 333 35 501 828 160 -1
1126: 786 1243 1244 35 82 1245 1276 797 799 1880 3082 803 2216 805 1695 811 813 1246 1685 822 3176 1247 141 2233 791 794 3 800 807 2115 2213 3185 808 2240 1684 2285 3187 812 1704 1816 2024 816 817 3189 2879 3191 3372 7 1686 2787 3192 825 692 320 3197 715 2354 495 1864 1568 1164 502 798 1248 801 2435 3201 710 3202 504 3205 2441 46 505 2837 2448 2263 3088 713 3207 1185 1063 3209 2154 3212 -1
1127: 3221 2 1197 621 2902 284 426 1028 3252 2682 580 694 385 35 1459 373 1677 -1
32: 502 -1
32: 3176 -1
22: 2402 35 2483 49 -1
13: 2169 2133 -1
32: 1781 720 172 379 220 160 -1
593: 1145 -1
593: 786 1243 1244 35 82 1245 1276 797 799 1880 3082 803 2216 805 1695 811 813 1246 1685 822 3176 1247 141 2233 791 794 3 800 807 2115 2213 3185 808 2240 1684 2285 3187 812 1704 1816 2024 816 817 3189 2879 3191 3372 7 1686 2787 3192 825 692 320 3197 715 2354 495 1864 2443 1568 1164 502 798 1248 801 2435 3201 710 3202 504 3205 2441 46 505 2837 2448 2263 3088 713 3207 1185 1063 3209 2154 3212 -1
1135: 2133 218 2863 2080 35 1781 320 2349 3240 222 2 -1
1136: 35 694 -1
32: 1706 -1
32: 771 -1
593: 3192 -1
32: 1864 -1
32: 26 -1
32: 3194 -1
1125: 786 1243 1244 35 82 1245 1276 797 799 1880 3082 803 2216 805 1695 811 813 1246 1685 822 3176 744 1247 141 2233 791 794 3 800 807 2115 2213 3185 808 2240 1684 2285 3187 812 1704 1816 2024 816 817 3189 2879 3191 3372 7 1686 2787 3192 825 692 320 3197 715 2354 495 1864 1568 1164 502 798 1248 801 2435 3201 710 3202 504 3205 2441 46 505 2837 2448 2263 3088 713 3207 1185 1063 3209 2154 3212 -1
111: -1
1126: -1
1146: -1
1147: -1
616: -1
1149: -1
35: -1
616: -1
616: -1
1153: -1
33: 1157 -1
1155: -1
1156: -1
1157: -1
1158: 33 36 1153 -1
33: 1144 1155 1156 1157 -1
1126: 1144 1155 1156 1157 -1
33: 1144 1155 1156 1157 -1
33: 1144 1155 1156 1157 -1
1114: -1
1164: -1
1131: 1164 0 157 2349 174 -1
1166: -1
1167: -1
1168: -1
1136: 0 1 2 3 4 5 6 7 8 9 -1
1170: 5 1 0 379 4 2 3 8 -1
1171: -1
1172: -1
11: 1 -1
73: 1034 1685 2186 807 1684 11 1960 2084 -1
1164: 1121 2353 11 -1
1126: -1
1177: 1963 41 2169 -1
35: 2413 42 -1
32: -1
344: -1
594: -1
39: 1179 344 594 1187 640 640 640 594 -1
1183: -1
11: -1
11: -1
1186: -1
1187: -1
159: -1
11: -1
11: -1
594: -1
111: 1179 344 594 1186 1187 640 640 640 594 -1
39: 1179 344 594 2108 1186 1187 640 640 640 594 -1
135: 1179 344 594 594 1186 -1
1195: 2902 2133 1 737 2413 -1
1196: 1197 -1
173: -1
40: 1196 -1
40: 1196 -1
40: 1196 -1
122: 373 379 46 505 -1
41: 2787 -1
11: 629 3240 3078 373 426 46 1149 1246 3081 2240 2080 2172 2084 -1
173: 58 2232 817 3192 3195 378 3129 786 3203 -1
41: 466 2165 0 469 2349 157 512 -1
1206: 505 -1
11: 2024 1881 46 385 426 373 -1
11: 3164 -1
11: 3197 818 791 -1
128: 2329 -1
41: 2070 2071 2081 2073 2074 2075 2076 2077 2080 2127 2136 2086 754 2090 2094 2096 2115 2101 2106 2114 2119 333 2123 2126 2129 2130 2135 2137 2146 2149 2154 -1
141: 373 46 505 -1
1213: 2014 385 46 505 -1
1214: 46 -1
12: 2329 -1
1216: 426 2 46 505 373 580 -1
12: -1
22: 2435 49 379 2445 2447 2413 46 1123 160 -1
1176: 1220 1223 1224 580 1226 653 3182 653 694 -1
1176: 42 42 42 -1
59: 1220 1223 1224 580 1226 -1
42: -1
1223: -1
1224: -1
580: -1
1226: -1
42: 1220 1223 1224 580 1226 653 1229 653 653 653 653 653 653 653 653 653 653 653 653 1242 -1
653: 42 42 42 -1
1229: 42 42 -1
158: 42 42 42 -1
653: 42 42 42 -1
653: 42 42 42 -1
12: 42 42 42 -1
653: 42 42 42 -1
12: 42 42 42 -1
653: 42 42 42 -1
653: 42 42 42 -1
12: 42 42 42 -1
41: 42 42 42 -1
653: 42 42 42 -1
653: 42 42 42 -1
1242: -1
1243: -1
121: -1
1245: -1
1246: -1
1247: -1
1248: -1
274: 27 -1
44: 707 -1
1251: 793 2179 3166 3171 1247 1816 816 2402 2510 172 2435 49 1781 -1
1252: 22 2830 778 49 -1
44: 800 -1
44: -1
333: 2435 82 379 49 172 182 -1
44: 3 -1
44: 3081 -1
44: 3 -1
474: 49 -1
44: 792 -1
44: 26 -1
1262: 2402 778 3139 2169 2435 49 759 707 1969 800 3197 2301 2824 -1
1214: 1781 830 499 49 3 26 694 2839 2844 69 3129 499 818 3252 3290 -1
41: 3192 49 -1
22: 2451 2435 49 2841 172 2483 2169 -1
44: 1684 -1
44: 502 -1
390: 2483 2894 2169 2510 2413 499 1469 3078 3240 501 2491 172 2080 2287 49 2386 333 87 22 3238 1781 1467 1555 2447 2899 2909 -1
653: 3 49 2413 2483 3240 -1
1270: 2169 49 -1
1271: -1
3: -1
1273: -1
1274: -1
41: -1
122: -1
1277: -1
1278: -1
653: -1
1280: -1
1281: -1
1282: -1
1283: -1
3: -1
151: -1
343: -1
1287: -1
42: 1271 3194 -1
45: 2899 2092 2206 -1
45: 1271 -1
45: 1271 -1
45: 1283 1285 2902 3176 1277 3 1276 682 2585 1273 2303 2169 1282 173 7 2080 2899 744 3069 1281 2670 789 502 2092 3 -1
45: 1271 3176 -1
45: 1271 1276 -1
45: 1271 -1
344: -1
158: -1
46: 2585 58 -1
46: 721 757 -1
46: 3406 2240 807 3 -1
47: 1437 -1
47: 1437 -1
47: 1437 -1
1304: 1437 -1
47: 1437 -1
47: 1437 -1
684: 1437 -1
684: 1437 -1
184: 1437 -1
138: 1437 -1
47: 1437 -1
47: 1437 -1
47: 1437 -1
47: 1437 -1
47: 1437 -1
47: 1437 -1
47: 1437 -1
47: 1437 -1
47: 1437 -1
47: 1437 -1
132: 1437 -1
47: 1437 -1
47: 1437 -1
47: 1437 -1
47: 1437 -1
1273: 1437 -1
1273: 1437 -1
1273: 1437 -1
1273: 1437 -1
47: 1437 -1
1274: 1437 -1
1274: 1437 -1
47: 1437 -1
1274: 1437 -1
1274: 1437 -1
1274: 1437 -1
1274: 1437 -1
1274: 1437 -1
47: 1437 -1
1274: 1437 -1
1274: 1437 -1
1274: 1437 -1
1274: 1437 -1
3: 1437 -1
1274: 1437 -1
1274: 1437 -1
1274: 1437 -1
1274: 1437 -1
1274: 1437 -1
1274: 1437 -1
1274: 1437 -1
47: 1437 -1
1274: 1437 -1
1274: 1437 -1
1274: 1437 -1
1274: 1437 -1
1274: 1437 -1
1274: 1437 -1
16: 1437 -1
47: 1437 -1
16: 1437 -1
47: 1437 -1
47: 1437 -1
47: 1437 -1
158: 1437 -1
135: 1437 -1
47: 1437 -1
17: 1437 -1
1274: 1437 -1
17: 1437 -1
47: 1437 -1
1281: 1437 -1
47: 1437 -1
47: 1437 -1
47: 1437 -1
3: 1437 -1
47: 1437 -1
47: 1437 -1
1274: 1437 -1
47: 1437 -1
1280: 1437 -1
1280: 1437 -1
47: 1437 -1
47: 1437 -1
47: 1437 -1
47: 1437 -1
17: 1437 -1
47: 1437 -1
17: 1437 -1
17: 1437 -1
17: 1437 -1
17: 1437 -1
17: 1437 -1
17: 1437 -1
47: 1437 -1
17: 1437 -1
17: 1437 -1
17: 1437 -1
17: 1437 -1
17: 1437 -1
17: 1437 -1
17: 1437 -1
17: 1437 -1
17: 1437 -1
17: 1437 -1
17: 1437 -1
17: 1437 -1
17: 1437 -1
17: 1437 -1
148: 1437 -1
17: 1437 -1
17: 1437 -1
47: 1437 -1
47: 1437 -1
18: 1437 -1
18: 1437 -1
18: 1437 -1
47: 1437 -1
47: 1437 -1
135: 1437 -1
142: 1437 -1
47: 1437 -1
47: 1437 -1
47: 1437 -1
18: 1437 -1
47: 1437 -1
18: 1437 -1
47: 1437 -1
47: 1437 -1
47: 1437 -1
47: 1437 -1
47: 1437 -1
18: 1437 -1
684: 1437 -1
684: 1437 -1
47: 1437 -1
1437: -1
684: 1437 -1
17: 1437 -1
684: 1437 -1
47: 1437 -1
600: -1
1443: 1454 696 -1
141: 1449 1454 696 -1
49: 1454 696 -1
1446: 1453 -1
1447: 1453 -1
18: 1453 -1
1449: 1452 -1
111: 696 -1
1451: 1454 696 -1
1452: -1
1453: 1454 696 -1
1454: 1453 -1
158: 1453 -1
1456: -1
47: -1
1458: -1
1459: -1
1460: -1
684: 2863 1459 -1
702: 2863 1459 -1
47: 59 -1
1464: -1
426: -1
1466: -1
1467: -1
44: -1
47: -1
1470: -1
110: 58 26 810 800 284 1034 1685 287 807 1684 707 812 1145 792 789 502 3203 3 1905 -1
110: 1473 -1
1473: -1
1474: -1
1464: -1
1476: -1
1477: 2 214 2 2 218 -1
135: 1479 -1
684: -1
1480: 1487 1492 1493 1497 1499 1501 -1
714: 1487 1492 1493 1497 1499 1501 -1
47: 1487 1492 1493 1497 1499 1501 -1
714: 1487 1492 1493 1497 1499 1501 2303 -1
714: 1487 1492 1493 1497 1499 1501 -1
45: 1487 1492 1493 1497 1499 1501 -1
122: 1487 1492 1493 1497 1499 1501 -1
1487: -1
47: 1487 1492 1493 1497 1499 1501 -1
47: 1487 1492 1493 1497 1499 1501 -1
47: 1487 1492 1493 1497 1499 1501 -1
714: 1487 1492 1493 1497 1499 1501 -1
173: 714 52 1493 716 1499 -1
47: -1
47: 1487 1492 1493 1497 1499 1501 -1
714: 1487 1492 1493 1497 1499 1501 -1
1172: 1487 1492 1493 1497 1499 1501 -1
1497: -1
714: 1487 1492 1493 1497 1499 1501 -1
1499: 714 1480 714 714 52 -1
714: 1487 1492 1493 1497 1499 1501 -1
1501: 1480 714 714 714 714 714 714 1487 1488 52 714 714 1492 716 714 716 1497 714 1499 714 714 714 714 714 714 714 714 714 714 714 714 714 714 714 714 714 -1
714: -1
714: -1
714: -1
714: -1
714: -1
714: 1487 1492 1493 1497 1499 1501 -1
47: 1487 1492 1493 1497 1499 1501 -1
47: 1487 1492 1493 1497 1499 1501 -1
158: 1487 1492 1493 1497 1499 1501 -1
714: 1487 1492 1493 1497 1499 1501 -1
714: 1487 1492 1493 1497 1499 1501 -1
653: 1487 1492 1493 1497 1499 1501 -1
47: 1487 1492 1493 1497 1499 1501 -1
47: 1487 1492 1493 1497 1499 1501 -1
47: -1
714: -1
47: 1487 1492 1493 1497 1499 1501 -1
47: 1487 1492 1493 1497 1499 1501 -1
47: 1487 1492 1493 1497 1499 1501 -1
152: 1487 1492 1493 1497 1499 1501 -1
47: 1487 1492 1493 1497 1499 1501 -1
47: 1487 1492 1493 1497 1499 1501 -1
47: 1487 1492 1493 1497 1499 1501 -1
47: 1487 1492 1493 1497 1499 1501 -1
47: 1487 1492 1493 1497 1499 1501 -1
47: 1487 1492 1493 1497 1499 1501 -1
47: 1487 1492 1493 1497 1499 1501 -1
47: 1487 1492 1493 1497 1499 1501 -1
47: 1487 1492 1493 1497 1499 1501 -1
47: 1487 1492 1493 1497 1499 1501 -1
47: 1487 1492 1493 1497 1499 1501 -1
714: 1487 1492 1493 1497 1499 1501 -1
47: 1487 1492 1493 1497 1499 1501 -1
47: 1487 1492 1493 1497 1499 1501 -1
47: -1
47: 3 58 757 707 694 1287 -1
47: 58 755 -1
714: 2205 694 707 757 1816 721 378 58 717 2092 3203 -1
616: 58 -1
47: 58 -1
47: 58 2134 -1
47: 58 115 -1
151: 58 -1
110: 1551 58 -1
110: 2585 58 -1
1547: 58 -1
1548: 58 -1
1549: 3129 58 806 -1
1550: 58 -1
47: -1
111: 801 58 -1
111: 757 58 284 2024 775 3129 1176 -1
230: 1273 58 -1
47: -1
111: 2833 3372 2080 58 1551 7 1960 737 -1
111: 58 2024 2298 378 3129 2232 3195 -1
111: 58 -1
111: 85 58 2024 3286 -1
195: 58 -1
1561: 58 817 3372 -1
47: 378 58 -1
47: 58 -1
1564: 3078 284 3129 1278 58 861 373 -1
47: 58 -1
47: 741 173 3069 58 -1
47: -1
47: 59 -1
47: 59 -1
47: 172 501 59 22 2287 2909 49 1469 35 -1
47: 2287 49 830 2435 59 759 -1
47: 59 -1
47: 59 793 -1
47: 59 -1
1564: 59 82 -1
47: 59 -1
47: 182 1781 193 2402 2510 2133 1555 59 2430 160 2435 3240 759 49 -1
47: 182 1781 193 2402 2510 2133 1555 59 2430 160 2435 3240 759 49 -1
616: 707 -1
47: 182 59 -1
35: 2909 1469 59 501 172 2287 2451 49 22 58 -1
47: 59 82 -1
47: 59 -1
47: -1
760: -1
1586: -1
55: 1584 760 1586 -1
47: 1584 760 1586 -1
47: 1584 760 1586 -1
113: 1584 760 1586 -1
113: 1584 760 1586 -1
55: 1584 760 1586 -1
113: 1584 760 1586 -1
113: 1584 760 1586 -1
55: 1584 760 1586 -1
55: 1584 760 1586 -1
158: 1584 760 1586 -1
135: -1
57: 1667 1675 1677 1678 1679 -1
57: 1667 1675 1677 1678 1679 -1
57: 1667 1675 1677 1678 1679 -1
47: 1667 1675 1677 1678 1679 -1
47: 1667 1675 1677 1678 1679 -1
47: 1667 1675 1677 1678 1679 -1
13: 1667 1675 1677 1678 1679 -1
47: 1667 1675 1677 1678 1679 -1
47: 1667 1675 1677 1678 1679 -1
47: 1667 1675 1677 1678 1679 -1
47: 1667 1675 1677 1678 1679 -1
168: 1667 1675 1677 1678 1679 -1
57: 1667 1675 1677 1678 1679 -1
47: 1667 1675 1677 1678 1679 -1
47: 1667 1675 1677 1678 1679 -1
47: 1667 1675 1677 1678 1679 -1
57: 1667 1675 1677 1678 1679 -1
57: 1667 1675 1677 1678 1679 -1
57: 1667 1675 1677 1678 1679 -1
116: 1667 1675 1677 1678 1679 -1
57: 1667 1675 1677 1678 1679 -1
57: 1667 1675 1677 1678 1679 -1
162: 1667 1675 1677 1678 1679 -1
47: 1667 1675 1677 1678 1679 -1
1158: 1667 1675 1677 1678 1679 -1
57: 1667 1675 1677 1678 1679 -1
15: 1667 1675 1677 1678 1679 -1
15: 1667 1675 1677 1678 1679 -1
57: 1667 1675 1677 1678 1679 -1
47: 1667 1675 1677 1678 1679 -1
57: 1667 1675 1677 1678 1679 -1
57: 1667 1675 1677 1678 1679 -1
57: 1667 1675 1677 1678 1679 -1
118: 1667 1675 1677 1678 1679 -1
57: 1667 1675 1677 1678 1679 -1
118: 1667 1675 1677 1678 1679 -1
118: 1667 1675 1677 1678 1679 -1
118: 1667 1675 1677 1678 1679 -1
118: 1667 1675 1677 1678 1679 -1
118: 1667 1675 1677 1678 1679 -1
57: 1667 1675 1677 1678 1679 -1
118: 1667 1675 1677 1678 1679 -1
118: 1667 1675 1677 1678 1679 -1
118: 1667 1675 1677 1678 1679 -1
118: 1667 1675 1677 1678 1679 -1
161: 1667 1675 1677 1678 1679 -1
118: 1667 1675 1677 1678 1679 -1
118: 1667 1675 1677 1678 1679 -1
118: 1667 1675 1677 1678 1679 -1
118: 1667 1675 1677 1678 1679 -1
118: 1667 1675 1677 1678 1679 -1
118: 1667 1675 1677 1678 1679 -1
118: 1667 1675 1677 1678 1679 -1
118: 1667 1675 1677 1678 1679 -1
118: 1667 1675 1677 1678 1679 -1
118: 1667 1675 1677 1678 1679 -1
118: 1667 1675 1677 1678 1679 -1
118: 1667 1675 1677 1678 1679 -1
118: 1667 1675 1677 1678 1679 -1
118: 1667 1675 1677 1678 1679 -1
118: 1667 1675 1677 1678 1679 -1
118: 1667 1675 1677 1678 1679 -1
118: 1667 1675 1677 1678 1679 -1
118: 1667 1675 1677 1678 1679 -1
47: 1667 1675 1677 1678 1679 -1
118: 1667 1675 1677 1678 1679 -1
118: 1667 1675 1677 1678 1679 -1
118: 1677 1678 1679 -1
118: 1678 1679 -1
118: 1677 1678 1675 1679 -1
118: 1667 -1
118: 1675 1677 1678 1679 -1
118: 1675 1677 1678 1679 -1
118: 1675 1678 1677 1679 -1
118: 1675 1678 1677 1679 -1
118: 1677 1678 1675 1679 -1
118: 57 57 57 57 1677 1678 1679 -1
118: 1677 1678 1093 1675 1679 -1
118: 1678 1679 57 -1
118: 1677 57 -1
118: -1
118: 596 -1
118: 596 -1
118: 35 -1
118: 35 -1
118: -1
118: -1
118: -1
118: -1
47: -1
118: -1
59: 1691 -1
1691: 59 -1
281: -1
13: -1
281: -1
173: -1
281: -1
1697: -1
281: -1
1699: -1
281: -1
1701: -1
47: -1
173: -1
173: -1
281: -1
1706: -1
281: -1
1708: 2024 -1
281: -1
178: -1
281: -1
281: -1
294: -1
47: 1691 294 414 -1
59: 1691 294 414 -1
13: 1691 294 414 -1
59: 1691 294 414 -1
59: 1691 294 414 -1
59: 1691 294 414 -1
59: 1691 294 414 -1
172: 1691 294 414 -1
59: 1691 294 414 -1
59: 1691 294 414 -1
47: 1691 294 414 -1
47: 1691 294 414 -1
47: 1691 294 414 -1
47: 1691 294 414 -1
47: 1691 294 414 -1
47: 1691 294 414 -1
47: 1691 294 414 -1
47: 1691 294 414 -1
59: 1691 294 414 -1
59: 1691 294 414 -1
59: 1691 294 414 -1
59: 1691 294 414 -1
59: 1691 294 414 -1
59: 1691 294 414 -1
59: 1691 294 414 -1
281: 1691 294 414 -1
59: 1691 294 414 -1
59: 1691 294 414 -1
59: 1691 294 414 -1
59: 1691 294 414 -1
171: 1691 294 414 -1
59: 1691 294 414 -1
59: 1691 294 414 -1
59: 1691 294 414 -1
59: 1691 294 414 -1
59: 1691 294 414 -1
59: 281 281 1691 294 414 -1
59: 1691 294 414 -1
59: 1691 294 414 -1
59: 1691 294 414 -1
59: 294 414 -1
59: 1691 294 414 -1
59: 1691 294 414 -1
59: 1691 294 414 -1
59: 1691 294 414 -1
59: 1691 294 414 -1
1760: -1
60: 1760 -1
60: 1760 -1
47: 1760 -1
1447: 1760 -1
1447: 1760 -1
60: 1760 -1
60: 1760 -1
60: 1760 -1
59: 1760 -1
60: 1760 -1
60: 1760 -1
60: 1760 -1
60: 1760 -1
60: 1760 -1
1447: 1760 -1
60: 1760 -1
1777: 60 5 -1
5: 325 273 273 -1
59: 2084 807 1499 2080 1061 26 3 -1
47: 807 -1
47: 0 -1
47: -1
47: 325 273 273 273 273 -1
47: 325 273 273 -1
343: -1
1786: -1
1787: -1
59: 1787 -1
62: 1787 -1
62: 1787 -1
62: 1787 -1
62: 1787 -1
62: 1787 -1
62: 2024 -1
62: 1787 -1
62: 1787 -1
62: 1787 -1
62: 1787 -1
62: 1787 -1
62: 1787 -1
62: 1787 -1
62: 1787 -1
1803: 36 -1
1287: 36 -1
36: -1
237: 36 -1
1807: 2483 36 -1
281: -1
173: 281 1042 -1
59: 281 1042 -1
64: 281 1042 -1
64: 281 1042 -1
1813: -1
3: -1
402: 360 2863 1122 -1
1816: -1
65: 757 58 1819 1820 -1
3: -1
1819: -1
1820: -1
182: 1819 1820 -1
1822: 72 -1
1823: -1
1824: -1
3: -1
66: 794 -1
173: 806 -1
66: 806 2092 -1
66: 3078 -1
66: 2092 -1
66: 1824 -1
714: -1
65: -1
33: -1
47: -1
122: -1
594: -1
594: -1
64: -1
47: -1
594: -1
594: -1
47: -1
181: -1
47: -1
714: -1
594: -1
47: -1
714: -1
67: 594 594 594 594 594 594 594 594 594 594 594 -1
67: 594 594 594 594 594 594 594 594 594 594 594 594 -1
47: 594 594 594 594 594 594 594 594 594 594 594 594 -1
47: 594 594 594 594 594 594 594 594 594 594 594 594 -1
164: 594 594 594 594 594 594 594 594 594 594 594 594 -1
47: 594 594 594 594 594 594 594 594 594 594 594 594 -1
47: 594 594 594 594 594 594 594 594 594 594 594 594 -1
714: 594 594 594 594 594 594 594 594 594 594 594 594 -1
47: 281 1042 -1
64: 281 1042 -1
47: 281 1042 -1
68: 1867 1866 -1
47: -1
3: -1
47: -1
47: -1
1866: -1
1867: -1
47: 1866 1867 -1
122: 2169 1866 1867 -1
69: 2844 -1
320: -1
1872: -1
800: -1
52: -1
47: 320 1893 69 3 -1
73: -1
73: 49 160 -1
161: 414 3240 -1
47: -1
1880: -1
1881: -1
1882: -1
1883: -1
73: -1
121: -1
1537: -1
121: -1
1822: -1
121: -1
121: -1
121: -1
121: -1
121: 800 800 1875 2430 -1
121: -1
121: -1
121: -1
121: -1
121: -1
121: 1122 -1
121: -1
121: -1
121: 0 -1
121: -1
121: -1
121: -1
121: -1
121: -1
121: 343 2844 2854 2852 2837 696 2839 22 22 701 1360 22 324 700 706 3151 1885 222 820 818 3139 2841 402 2842 2860 -1
121: 3129 818 694 73 -1
198: -1
121: 2844 -1
121: 213 73 118 -1
121: 1472 379 473 800 1433 69 69 77 -1
121: 373 2 77 385 426 580 -1
121: 600 -1
121: -1
121: -1
121: -1
121: 1916 1917 1918 -1
121: 1916 1917 1918 -1
11: 1916 1917 1918 -1
121: 1916 1917 1918 -1
121: 1916 1917 1918 -1
121: 1916 1917 1918 -1
121: 1916 1917 1918 -1
121: 1916 1917 1918 -1
121: 1916 1917 1918 -1
121: 1916 1917 1918 -1
121: 1916 1917 1918 -1
121: 1916 1917 1918 -1
121: 1916 1917 1918 -1
121: 1196 -1
121: 1196 -1
121: 218 -1
121: 218 -1
121: 218 -1
121: 218 -1
121: 218 -1
121: 1940 72 1943 -1
121: 1939 72 1943 -1
121: -1
121: -1
121: 1939 72 -1
191: 1939 1940 1943 -1
121: -1
121: -1
121: -1
121: 0 466 -1
121: -1
121: -1
121: -1
1952: -1
121: -1
1537: -1
1955: -1
122: -1
122: -1
122: -1
122: -1
1960: -1
1961: -1
47: -1
121: -1
1964: -1
1965: -1
123: -1
123: -1
123: -1
121: -1
123: -1
123: -1
123: -1
123: -1
123: -1
1964: -1
123: -1
123: 0 -1
123: -1
121: -1
123: -1
123: -1
123: -1
123: -1
123: -1
123: -1
123: -1
123: -1
121: -1
123: -1
123: -1
123: -1
124: -1
124: -1
124: -1
12: -1
1996: -1
1997: -1
1998: -1
33: -1
2000: 0 466 2046 -1
2001: -1
2002: -1
334: -1
2004: -1
349: -1
2006: -1
2007: -1
2008: -1
2009: -1
1: -1
2011: -1
2012: -1
2013: -1
2014: -1
2015: -1
2016: -1
2017: -1
2018: 0 -1
334: -1
2020: -1
202: 2340 -1
2022: -1
2023: -1
2024: -1
2025: -1
2026: -1
2027: -1
2028: -1
2029: -1
2030: -1
2031: -1
2032: -1
2017: -1
2034: -1
2035: -1
2036: -1
2037: -1
2038: -1
2011: -1
2040: -1
334: -1
2042: -1
2043: -1
22: -1
926: -1
2046: -1
2047: -1
2048: -1
2049: -1
2050: -1
2051: -1
2052: -1
333: 800 -1
2054: -1
2055: -1
22: 82 1035 2420 2057 841 2065 -1
2057: -1
2058: -1
2059: -1
324: -1
2061: -1
324: -1
2014: -1
22: 82 2420 1093 -1
2065: -1
2066: -1
2067: -1
333: -1
2036: -1
2070: -1
2071: -1
2072: -1
2073: -1
2074: -1
22: -1
2076: -1
2077: -1
2078: -1
2040: -1
2080: -1
2081: -1
2082: -1
2083: -1
2084: -1
2085: -1
2086: -1
2087: -1
2022: -1
2089: -1
2090: -1
2091: -1
2092: -1
2093: -1
2094: -1
2095: -1
2096: -1
2097: -1
2098: -1
2099: -1
2100: -1
2101: -1
2102: -1
2103: -1
2104: -1
2105: -1
2106: -1
282: -1
2108: 157 2311 -1
2109: -1
218: 2349 -1
2111: -1
2112: -1
2113: -1
2114: -1
2115: -1
2116: -1
2117: -1
2118: -1
2119: -1
2120: -1
41: 2713 -1
259: -1
244: -1
299: -1
2125: 157 -1
2126: -1
2127: -1
2128: 157 1965 -1
2129: -1
2130: -1
23: -1
2132: -1
2117: -1
2115: 157 -1
2135: -1
2136: -1
2137: 157 -1
2138: -1
2111: -1
2140: 3221 -1
2141: -1
2142: -1
2125: -1
211: -1
2126: -1
2146: -1
324: -1
2148: 2090 -1
2149: -1
294: -1
2151: -1
2152: -1
2153: -1
2154: -1
2155: 629 -1
319: 360 2160 -1
319: -1
484: 1466 182 2478 26 787 3082 812 1864 3 3044 -1
185: -1
2126: 319 -1
2161: -1
704: -1
2114: -1
2164: -1
2131: -1
2166: -1
2167: 7 -1
2168: 2179 -1
2136: -1
2170: -1
2171: 2165 0 -1
2172: -1
2173: -1
2174: -1
2164: -1
2126: -1
2177: -1
2178: -1
2140: 2168 -1
2180: -1
2181: -1
2182: -1
324: -1
21: -1
21: -1
2186: -1
2187: -1
259: -1
21: -1
21: -1
73: -1
211: 157 -1
2193: -1
2: -1
2195: -1
73: -1
273: -1
2198: -1
2199: -1
2200: -1
222: -1
334: -1
21: -1
273: -1
2205: -1
2206: -1
21: -1
21: -1
21: -1
228: -1
2211: -1
241: -1
2213: -1
2214: -1
22: -1
2216: -1
22: -1
2218: -1
2176: 3069 -1
2176: -1
222: -1
1078: -1
2223: -1
1078: -1
1078: -1
1078: -1
2227: -1
1078: -1
1078: -1
258: -1
2231: 2994 -1
2232: -1
22: -1
2234: -1
22: -1
682: -1
2237: -1
22: -1
2211: -1
2240: -1
1078: -1
1078: -1
1078: -1
2: -1
2245: -1
2246: 173 -1
2247: -1
2248: -1
2249: -1
2250: -1
1078: -1
2252: -1
2253: 2180 -1
1078: -1
1078: -1
1078: -1
1078: -1
1078: -1
1078: -1
1078: -1
1078: -1
2262: -1
2214: -1
2209: -1
2265: -1
324: -1
2267: -1
2268: -1
682: -1
2270: -1
2271: -1
2272: -1
2273: -1
1111: -1
2209: -1
222: -1
2277: -1
2278: -1
2240: -1
2280: -1
2281: -1
2282: -1
2283: -1
2284: -1
251: -1
2286: -1
2287: -1
1078: -1
2289: -1
2290: -1
2291: -1
2292: -1
1127: -1
161: -1
2295: -1
2296: -1
258: -1
2298: -1
2299: -1
2300: -1
2301: -1
161: -1
2303: -1
2304: -1
2305: -1
2306: -1
2307: -1
2308: -1
284: -1
2: 0 1781 380 -1
2311: -1
2312: -1
2313: -1
2314: 0 466 157 512 -1
2315: 391 -1
2316: -1
2317: -1
2318: -1
2319: -1
2320: -1
232: -1
2322: -1
2323: -1
2324: -1
2325: -1
2273: -1
2273: -1
2273: -1
2273: 0 -1
2330: -1
1111: 2169 -1
1111: -1
2317: 2315 0 -1
1111: -1
1111: -1
1111: -1
1111: -1
1111: -1
2311: -1
1111: -1
1111: -1
1111: -1
1111: -1
231: -1
1111: -1
1111: -1
1111: -1
1111: -1
1111: -1
1111: -1
1111: 2311 2092 2132 157 511 2024 2027 2169 1905 -1
2352: -1
1111: 2337 2311 157 -1
1111: -1
1111: -1
1111: 2349 466 0 -1
1111: -1
1111: -1
26: -1
2360: -1
26: -1
2362: -1
2314: -1
2364: -1
258: -1
235: -1
342: -1
27: -1
1111: -1
27: -1
2371: -1
2281: -1
2373: 2994 73 1781 -1
2374: -1
2364: -1
2284: -1
73: -1
220: -1
1111: -1
73: -1
2280: -1
2280: 82 -1
2383: -1
2384: -1
2385: -1
2386: -1
27: -1
2322: -1
27: 380 473 213 379 502 2155 -1
27: -1
27: -1
27: 182 1781 -1
27: -1
27: -1
60: 1760 -1
27: -1
27: -1
27: -1
27: -1
27: -1
27: -1
27: -1
27: 2146 2046 2090 2094 2096 2115 2137 2141 -1
27: -1
27: -1
27: -1
27: 2456 -1
27: -1
27: -1
248: -1
27: 3 -1
27: -1
2413: -1
2414: -1
28: -1
28: -1
28: -1
2418: -1
2419: -1
235: 2154 2076 2081 2143 2144 2124 173 -1
242: -1
22: -1
2423: -1
2424: -1
28: -1
510: 26 2739 2740 792 2741 2746 3 -1
28: 2841 -1
297: -1
370: -1
2430: -1
2431: -1
333: -1
28: -1
2434: -1
2435: 830 -1
2436: -1
2437: -1
2438: -1
27: -1
73: -1
2303: -1
22: 2102 2124 -1
2443: -1
241: -1
2445: -1
220: -1
2447: -1
28: 3 -1
2449: -1
211: -1
2451: -1
2452: 2411 -1
22: -1
22: -1
258: -1
2456: -1
2303: -1
2458: -1
2459: -1
2460: -1
2308: -1
22: 182 -1
2414: 2466 -1
73: 1 -1
801: 320 1893 69 3 -1
2466: 2463 -1
161: -1
1240: -1
2436: 753 2461 1 -1
333: -1
210: -1
210: -1
333: 2435 82 49 172 182 -1
161: 220 -1
73: -1
22: -1
73: 379 -1
235: -1
73: -1
2480: -1
266: 502 -1
2344: -1
2483: -1
2484: -1
2289: 182 2435 82 379 49 172 -1
222: 82 8 -1
324: 2146 2046 2090 2094 2096 2115 2137 2141 -1
22: 220 -1
2344: 2843 789 502 172 1781 391 1276 73 220 2451 160 82 2435 2315 -1
2344: 1164 500 2985 4 807 141 3081 1145 800 3082 735 1034 26 2787 3168 1246 707 1816 502 812 3203 3088 0 1986 2035 2052 334 794 1985 511 2020 2032 2024 2046 1905 1948 2146 1467 1781 720 2510 160 186 2359 172 3240 822 426 373 -1
2491: 26 -1
273: 82 379 -1
391: 94 1950 1905 1961 1955 1967 1971 1981 1983 1986 1988 841 1990 2000 2001 2004 2007 2008 2009 1958 2012 2018 2020 2025 500 2024 2032 2039 2014 2047 2051 2052 2407 2404 1035 2410 2414 2430 2447 82 2316 2439 2027 2028 2030 2046 511 -1
2319: 2430 1995 2451 2402 1905 2012 2025 2051 2008 1247 2339 82 2407 2028 12 183 1 49 473 1957 2014 2161 2160 2435 2410 2404 500 2450 2047 1968 1967 1955 1986 1997 2423 2399 2420 1035 2408 -1
2495: 3261 3166 2413 2179 2833 3253 82 222 3078 3246 2169 2375 2483 473 2401 755 2899 2939 1276 2080 2458 -1
2172: 3081 26 1034 1685 800 3 1781 -1
333: 812 2435 82 379 49 172 182 -1
822: 0 213 82 3001 2435 720 1781 73 -1
73: 1781 2137 2008 1967 1685 807 3240 182 2063 2413 2894 1093 -1
73: 3164 1244 465 58 599 3081 3096 755 3165 1276 3167 2413 3168 799 3082 803 474 3169 26 2894 1695 3170 810 2739 222 105 3172 3174 1246 1034 1685 3176 1697 3179 141 333 3182 1699 800 807 287 3184 1701 2213 507 3186 1684 707 510 1879 1880 3187 812 333 1183 487 1704 2741 2024 3190 1824 7 1686 3192 1706 3193 3194 3195 1145 789 115 792 2491 1864 3200 3199 502 798 3201 3202 3203 3 3 333 2483 2169 333 2745 378 3088 3206 3207 1185 3209 3210 3212 2448 3 786 2746 2240 3406 1708 3099 3100 3362 1281 801 682 2150 1243 3211 826 787 505 793 2430 3171 2354 816 3197 822 2787 3189 811 375 818 820 3129 22 3133 2830 22 3136 3139 2832 701 3144 402 22 706 22 22 22 2842 22 3151 3153 3158 3160 161 1885 -1
2501: 35 82 379 2483 2402 222 3240 1469 1 778 161 2412 2179 501 752 172 2287 2435 220 2133 2451 49 380 320 2510 160 1781 1467 2169 2447 466 1891 0 2337 2349 157 2311 2315 391 468 1948 1905 2863 1958 2115 1965 1967 1968 1970 1976 1980 1986 1990 1906 1992 1999 2001 2004 334 2020 2025 2027 2024 2039 2032 2046 511 2051 2052 793 3166 3171 2354 1816 816 3197 811 818 822 3189 823 2787 2373 3164 1244 599 3081 3096 3165 755 2214 1276 794 3167 3168 799 1880 3082 803 474 3169 26 3170 2739 3172 343 479 284 3174 1246 1034 2740 1685 3176 2227 1697 3 3179 1699 141 3182 3183 800 807 3184 1701 2213 3185 507 3186 1684 707 3188 3187 812 487 1183 1704 2741 3190 3191 1824 7 1686 3192 1708 1706 2237 3193 3194 3195 692 787 1145 789 115 1695 505 3199 2245 3208 1864 2248 3200 502 1248 798 3201 58 3202 3203 3 3 3 3 3 3 3 3 2252 2301 3204 378 3088 3206 3207 1185 3209 3210 3212 3 3196 3178 820 1243 3211 3175 -1
22: 82 1035 2420 2057 841 2065 -1
333: 2435 82 379 49 172 182 -1
44: 82 -1
822: 82 0 380 379 512 2435 -1
1180: 4 2024 1993 2033 2051 1965 1986 1975 157 466 469 0 2337 2360 2094 2115 2119 2144 2154 2097 2078 2089 2072 2322 1891 82 1781 379 160 1164 2311 -1
2507: 82 2133 -1
2344: 141 2435 82 379 49 172 182 -1
2344: 26 2510 160 3183 3201 807 1034 1684 800 792 115 3082 3 502 810 3088 3202 3171 816 822 3189 1781 0 380 73 828 82 720 5 379 58 830 2020 334 2321 473 -1
258: 1781 1122 -1
1240: 2413 2430 82 379 58 26 1 343 4 3183 807 172 499 49 287 69 509 479 117 12 35 2844 2985 2024 -1
2512: -1
2239: 58 -1
2344: 58 -1
2344: 1816 -1
2345: 58 -1
1285: 1684 -1
2364: 801 -1
2364: 800 -1
2364: -1
252: 2520 -1
2345: 2520 -1
2344: 2520 -1
2344: 173 -1
2344: 173 -1
2344: 3069 -1
2344: 2524 1287 -1
2344: 2524 1287 -1
2344: 2524 1287 -1
2344: 426 2524 1287 -1
2344: 473 2524 1287 -1
2344: 2524 1287 -1
1285: 3240 2524 1287 -1
2344: 2524 1287 -1
2344: 2524 1287 -1
2344: 2524 1287 -1
2344: 2524 1287 -1
2341: 2524 1287 -1
1240: 2524 1287 -1
2152: 2413 2524 1287 -1
2344: 2524 1287 -1
2344: 2524 1287 -1
2344: 2524 1287 -1
251: 2524 1287 -1
210: 1276 2524 1287 -1
210: 2524 1287 -1
75: 2524 1287 -1
75: 2524 1287 -1
75: 2524 1287 -1
75: 2524 1287 -1
391: 2524 1287 -1
211: 2524 1287 -1
211: 2524 1287 -1
75: 2524 1287 -1
2338: 2524 1287 -1
211: 2524 1287 -1
211: 2524 1287 -1
211: 2524 1287 -1
211: 2524 1287 -1
295: 2524 1287 -1
75: 2524 1287 -1
2356: 2524 1287 -1
2344: 2524 1287 -1
75: 2896 767 2024 7 2524 1287 -1
2372: 2524 1287 -1
2372: 2524 1287 -1
2372: 2524 1287 -1
2372: 2524 1287 -1
2344: 2524 1287 -1
2372: 1960 2524 1287 -1
2372: 2375 2524 1287 -1
2372: 2524 1287 -1
2372: 2024 2524 1287 -1
2372: 2024 2524 1287 -1
75: 2524 1287 -1
2372: -1
2372: 2589 -1
2372: 2589 -1
2152: 2589 -1
2372: 2589 -1
2581: 77 2589 77 77 77 77 77 -1
2373: 2581 2589 -1
2373: 2589 -1
2373: 1867 -1
2585: -1
2586: -1
3: -1
2345: 2589 -1
2373: -1
213: -1
213: -1
77: -1
213: -1
213: -1
2595: -1
778: -1
258: -1
235: -1
24: -1
2600: -1
2601: -1
2382: -1
2382: -1
2382: -1
23: -1
2382: -1
2382: 2595 1294 1294 622 -1
2382: -1
2382: 22 160 -1
268: 161 160 -1
22: 161 -1
2382: 161 -1
2382: 161 -1
2382: 161 -1
79: 2639 -1
79: 2639 -1
79: 2639 -1
216: 2639 -1
79: 2639 -1
79: 2639 -1
262: 2639 -1
22: 2639 -1
484: 2639 -1
79: 2639 -1
25: 2639 -1
25: 2639 -1
79: 2639 -1
333: 2639 -1
79: 2639 -1
79: 2639 -1
79: 2639 -1
218: 2639 -1
79: 2639 -1
218: 2639 -1
218: 2639 -1
218: 2639 -1
218: 2639 -1
218: 2639 -1
22: -1
218: 2641 -1
218: -1
218: -1
218: 2642 -1
261: 2642 -1
218: 2657 -1
218: 721 -1
218: 721 -1
218: 721 -1
218: 721 -1
218: 3202 721 -1
218: -1
218: -1
218: -1
218: -1
218: -1
218: -1
218: 2645 -1
218: 2657 -1
218: -1
218: 2662 -1
218: 2662 -1
218: -1
2382: 2662 -1
218: 2662 -1
218: 83 83 93 -1
218: 2662 -1
218: -1
218: -1
218: -1
218: -1
218: -1
218: -1
218: 344 344 344 -1
218: 344 344 344 -1
218: -1
218: -1
218: -1
218: -1
218: 373 -1
218: 281 1042 -1
218: 281 1042 -1
218: -1
218: -1
218: 1287 1287 1287 1287 1287 1287 1287 1287 1287 1287 1287 1287 1287 1287 1287 1287 1287 1287 1287 1287 1287 1287 629 -1
218: 1287 1287 1287 1287 1287 1287 1287 1287 1287 1287 1287 1287 1287 1287 1287 1287 1287 1287 1287 1287 1287 1287 1287 -1
218: 173 -1
218: 173 -1
22: 173 -1
218: 173 -1
1287: 173 -1
1287: 173 -1
1287: 173 -1
23: 173 -1
1287: 173 -1
273: 173 -1
1287: 173 -1
1287: 173 -1
1287: 173 -1
1287: 173 -1
1287: 173 -1
1287: 173 -1
2402: 173 -1
273: 173 -1
273: 173 -1
1287: 173 -1
1287: 173 -1
1287: 173 -1
1287: 173 -1
88: 629 694 3221 2714 -1
278: -1
88: 1287 1287 1287 1287 1287 1287 1287 1287 1287 1287 1287 1287 1287 1287 1287 1287 1287 1287 1287 1287 1287 1287 1287 629 2713 2714 -1
88: 1287 1287 1287 1287 1287 1287 1287 1287 1287 1287 1287 1287 1287 1287 1287 1287 1287 1287 1287 1287 1287 1287 1287 629 2713 2714 -1
2713: -1
2396: -1
89: 2727 622 -1
23: 629 -1
89: 761 2169 -1
89: 800 -1
89: 3221 694 -1
89: 2119 -1
272: 2894 2169 -1
89: 2713 -1
89: 2727 2331 -1
2420: 2169 -1
2421: 694 -1
2420: 622 -1
2421: 2331 89 -1
2420: 622 -1
2421: -1
2420: 2727 622 -1
2421: 2727 622 -1
89: 2727 622 -1
89: -1
2734: 2179 2824 168 -1
2735: 100 -1
2736: 1971 512 -1
2737: -1
2738: -1
88: -1
2740: -1
2741: -1
306: -1
2743: -1
271: -1
2745: -1
2746: -1
3: -1
2748: -1
91: 2737 2738 -1
91: 2737 2738 -1
91: 2737 2738 -1
273: -1
273: -1
273: -1
273: -1
273: -1
273: -1
273: -1
273: -1
273: -1
273: -1
273: -1
2396: -1
2447: -1
2447: -1
273: -1
273: -1
273: -1
2736: -1
273: -1
273: -1
273: -1
273: -1
273: -1
2447: -1
273: -1
273: -1
273: -1
2740: -1
2420: -1
2420: -1
2420: 273 273 273 273 273 273 273 273 273 273 273 273 273 273 273 273 273 273 273 273 273 273 273 -1
2420: -1
2421: 3194 -1
93: -1
2786: 103 93 2413 -1
2787: -1
89: 2787 -1
94: 2787 -1
94: -1
94: 2787 -1
94: 2787 -1
2793: 105 7 -1
2794: 105 -1
2795: 469 2206 682 2303 1960 1121 1685 1063 3206 2084 3069 797 807 105 1034 58 2306 2186 3240 2169 1684 -1
1243: 786 1243 1244 793 3081 3165 2214 3166 1276 3167 58 3168 799 3082 474 26 3164 3170 222 105 694 818 820 3129 3174 3171 3175 1246 1034 1685 822 3176 3 1247 141 791 800 807 3184 507 1684 707 1880 3188 3187 812 1183 487 1816 2024 816 3189 3190 3191 1824 7 2787 3192 1706 3193 3194 787 1145 789 115 792 3044 3197 715 3199 1281 3200 757 502 801 3201 3203 3202 2301 2169 378 3088 3206 3207 1185 717 2150 3211 3212 -1
782: 3169 2448 3190 789 1277 502 3 2373 735 474 284 707 1816 692 715 487 812 1864 3192 58 3195 378 1183 1185 3203 3186 1248 800 3184 1244 599 3174 141 2213 182 7 1880 3088 3202 3212 3164 794 3082 798 803 1695 1699 1701 507 1704 1706 3204 3170 3081 3172 1824 3201 3182 1145 26 2739 792 3205 3176 3194 105 807 3206 1685 1684 3209 3168 1034 2237 1246 2024 3185 3207 3210 3187 115 3179 3208 799 3200 3181 787 -1
782: -1
2799: 2413 1244 599 3081 2214 473 3167 58 3082 26 1695 2739 105 3174 1246 1034 1699 2237 1685 800 3184 807 812 2024 7 3192 792 3 3088 1185 3209 3212 2373 474 3169 3170 694 3176 755 3185 707 3187 487 3 3194 692 3210 1093 -1
2800: 58 173 26 1034 1685 807 115 1706 3 -1
2801: 105 1684 -1
2802: 105 2084 -1
11: 222 105 3209 1684 -1
2287: 105 -1
2805: 2806 2807 1339 1339 1339 1339 1339 -1
2806: -1
2807: -1
1339: -1
273: -1
222: -1
1339: 2805 -1
1339: 2805 -1
82: 721 -1
2284: 721 -1
82: 721 -1
82: 721 -1
82: 3202 721 -1
2818: -1
344: -1
2820: 2863 593 -1
282: 629 -1
2822: -1
2823: -1
2824: -1
2825: -1
161: -1
273: 3 -1
161: 284 694 2841 2844 -1
399: -1
2830: 706 -1
2831: -1
2509: -1
82: -1
2160: -1
510: 2841 73 -1
222: -1
2837: 1122 -1
2838: 2841 694 -1
1339: -1
510: -1
2841: -1
2842: -1
510: -1
281: 629 284 -1
510: -1
1240: 2872 2841 -1
2847: -1
510: -1
1240: -1
2850: -1
1347: -1
510: 284 -1
510: -1
264: -1
510: -1
510: -1
2512: -1
510: -1
2859: -1
510: 694 360 2303 -1
22: -1
510: 284 -1
2284: -1
510: -1
510: -1
22: -1
22: 284 -1
510: -1
222: -1
2870: -1
2871: 218 -1
2872: -1
333: -1
2524: -1
510: 711 712 2879 2880 2876 474 2244 -1
2876: -1
682: -1
2878: -1
510: -1
2880: -1
2881: -1
2882: -1
2883: -1
2884: -1
221: 2281 -1
75: -1
221: -1
2822: -1
221: 2276 -1
221: -1
221: -1
221: -1
221: -1
221: -1
221: -1
221: -1
221: -1
221: -1
221: -1
221: -1
221: -1
221: -1
221: -1
221: -1
221: -1
221: -1
221: -1
221: -1
221: -1
298: 682 7 474 710 -1
221: 692 1281 3 378 2373 694 707 717 1816 -1
221: 98 1280 -1
221: -1
221: -1
221: -1
221: -1
221: -1
221: -1
221: -1
221: -1
292: -1
221: -1
221: -1
221: 2375 -1
221: -1
221: -1
221: -1
221: 1412 -1
221: -1
221: -1
221: -1
221: -1
221: -1
221: -1
221: 2929 2937 -1
221: 2937 2929 2940 2931 -1
221: -1
221: -1
221: -1
221: -1
221: 3069 1093 469 794 222 2458 2483 3182 2303 2375 7 7 -1
221: 2169 1281 794 2349 -1
221: 2169 7 -1
291: 7 105 3078 222 794 1280 812 2748 473 -1
221: 744 2145 1960 2150 1278 3182 469 2863 682 2084 1276 7 2349 7 2303 2899 2092 719 2896 3069 105 1280 -1
221: 755 469 2863 7 1280 3240 222 2172 2413 173 -1
221: 3078 -1
221: 1093 2262 2169 2024 2458 222 473 2748 2133 737 -1
221: 7 2169 1280 3182 -1
221: 222 2349 2375 2096 3203 1960 -1
221: 2375 1276 469 -1
98: 2080 2483 3078 -1
221: 2349 222 -1
75: 1960 2899 3182 -1
2955: 1121 3210 1093 7 109 -1
222: 109 -1
222: 2902 -1
222: 7 2896 2899 755 2200 2361 2338 105 1276 682 744 2349 2133 2092 -1
222: 2279 1280 1960 2096 105 2092 2899 2080 -1
98: 18 3240 2331 697 755 682 2306 2084 2413 2133 -1
98: 694 3129 1280 222 2899 1276 7 2287 2133 -1
161: 7 794 2084 2458 682 469 -1
221: 469 2205 1276 -1
2964: 721 109 -1
98: 1280 3263 2906 7 -1
223: -1
223: 3240 2375 2863 473 2349 2133 7 105 2084 469 1960 -1
223: 2092 -1
221: 2331 109 -1
223: 343 1287 707 741 733 690 109 -1
223: 1121 3210 1093 7 109 -1
223: -1
223: -1
223: -1
2964: -1
223: -1
223: -1
223: -1
221: -1
223: -1
223: -1
223: -1
223: -1
223: -1
223: -1
223: -1
223: -1
221: -1
223: -1
223: -1
223: -1
224: -1
224: 2349 -1
224: -1
22: -1
1437: -1
2997: -1
100: 382 394 2994 2995 1437 2997 -1
2160: 382 394 2994 2995 1437 2997 -1
100: 382 394 2994 2995 1437 2997 -1
3001: -1
506: -1
3003: -1
1440: -1
3005: -1
3006: 109 1445 109 4 500 720 -1
36: -1
3008: -1
333: -1
308: -1
3011: -1
1445: -1
1445: -1
3014: 2985 -1
109: -1
3016: 333 4 720 -1
183: 22 35 379 213 5 473 1464 426 1466 500 1467 44 1469 720 1470 707 1472 1473 1474 706 1476 1477 1479 -1
3018: 720 -1
3019: 120 109 40 500 720 379 -1
3020: -1
302: 2913 -1
216: 113 -1
3023: 113 -1
3024: 103 3035 3037 -1
1452: 3037 3035 -1
1452: 3037 3035 -1
1452: 3037 3035 -1
1452: 3037 3035 -1
1452: 3037 3035 -1
1452: 3037 3035 -1
1452: 3037 3035 -1
1452: 3037 3035 -1
183: 3035 3037 -1
103: 3024 3037 -1
3035: -1
1452: 3035 3037 -1
3037: -1
103: 3024 1452 1452 1452 1452 1452 1452 1452 1452 3033 1452 3037 -1
3011: 3024 1452 1452 1452 1452 1452 1452 1452 1452 3033 1452 3037 -1
103: 3024 1452 1452 1452 1452 1452 1452 1452 1452 3033 1452 3037 -1
103: 3024 1452 1452 1452 1452 1452 1452 1452 1452 3033 1452 3037 -1
103: 3024 1452 1452 1452 1452 1452 1452 1452 1452 3033 1452 3037 -1
826: 600 -1
301: -1
3045: 115 -1
3046: 1145 115 -1
3047: 115 -1
35: 115 -1
3049: 58 115 -1
3050: 2682 115 -1
3051: 2112 3182 1499 -1
3052: 115 58 -1
561: 173 115 -1
3054: 3207 3 3 3 3 115 3194 1145 3 2169 789 3192 3 1706 -1
1458: 115 2603 -1
3056: 115 2080 1544 -1
3057: 115 -1
3058: 115 1685 3 -1
22: 115 -1
3060: 794 58 115 -1
3061: 115 -1
3062: 115 -1
3014: 115 3 807 -1
3064: 473 2024 284 115 2205 -1
3065: 115 -1
3066: 115 1093 -1
105: 3069 3070 3076 3071 3072 3073 3074 -1
3068: -1
1452: 3070 3076 3071 3072 3073 3074 -1
3070: -1
3071: -1
3072: -1
3073: -1
3074: -1
3064: -1
3076: -1
105: 3069 3070 3071 3072 3073 3074 3076 -1
3078: -1
103: -1
3080: 2806 2807 1339 1339 1339 1339 1339 -1
3081: -1
3082: -1
771: -1
3: -1
3085: -1
3086: -1
499: -1
216: -1
3089: -1
108: 3089 -1
108: 3089 -1
109: -1
109: -1
22: 4 120 109 -1
110: 1278 1179 2352 -1
3096: 222 -1
510: -1
3: -1
3099: -1
3100: -1
682: -1
3: -1
3103: -1
281: -1
281: -1
281: -1
280: -1
281: -1
281: -1
318: -1
281: -1
281: -1
281: -1
281: -1
281: -1
281: -1
281: -1
281: -1
281: -1
281: -1
312: -1
6: -1
274: -1
7: -1
281: -1
281: -1
281: -1
281: -1
3129: -1
281: -1
33: 220 2833 3249 -1
73: 284 -1
281: 73 -1
281: 375 69 1476 2841 -1
3135: -1
3136: 284 -1
73: 284 414 -1
3138: -1
281: -1
3140: -1
400: -1
22: -1
281: -1
311: -1
281: -1
22: 697 414 -1
3147: -1
22: 414 73 697 284 -1
22: -1
7: -1
3151: -1
73: -1
3153: -1
73: -1
3155: 284 -1
3156: -1
73: 2844 -1
3158: 2839 -1
3159: -1
281: 3129 -1
73: -1
161: -1
281: -1
3164: -1
22: -1
3166: -1
3167: -1
3168: -1
3136: -1
3170: -1
3171: -1
3172: -1
3173: -1
3174: -1
3164: -1
281: -1
3177: -1
3178: -1
3140: -1
141: -1
3181: -1
3182: -1
3183: -1
31: -1
31: -1
3186: -1
3187: -1
6: -1
31: -1
31: -1
3191: -1
311: -1
3193: -1
274: -1
3195: -1
3196: -1
373: -1
505: -1
3199: -1
3200: -1
322: -1
3202: -1
31: -1
373: -1
3205: -1
3206: -1
31: -1
31: -1
31: -1
273: -1
3211: -1
274: -1
3: -1
1433: -1
32: -1
36: -1
32: -1
36: -1
3176: -1
3176: -1
322: -1
111: 1564 3232 -1
3223: -1
1562: -1
3225: 1561 1561 1561 -1
3226: 3374 1561 1561 1561 -1
3227: 1561 -1
1564: 3374 1561 1561 1561 -1
3229: 1561 1561 1561 -1
274: 3374 1561 1561 1561 -1
1564: 3374 1561 1561 1561 -1
3232: 111 3078 -1
32: 3223 3226 1564 1564 3229 3232 -1
111: 1564 3232 -1
32: 1564 3232 -1
319: 2160 -1
3237: -1
32: -1
3211: -1
3240: -1
73: -1
3242: -1
73: -1
321: -1
22: -1
3246: -1
3247: -1
3248: -1
3249: 847 222 -1
3250: -1
3251: -1
3252: -1
3253: -1
3254: -1
3255: -1
1583: -1
1582: -1
3258: -1
3259: -1
3260: -1
3261: -1
3262: -1
1433: -1
3209: -1
3265: -1
3266: -1
3267: -1
22: -1
319: -1
3270: -1
3271: -1
3272: -1
3273: -1
3274: -1
3209: -1
322: -1
3277: -1
3278: -1
3240: -1
3280: 3078 2413 2833 2169 2080 469 220 7 1093 1960 1499 2375 2092 222 2137 753 2303 3408 2893 3240 3249 -1
3281: -1
3282: -1
1573: -1
3284: 3286 -1
274: -1
3286: 1592 -1
3287: -1
111: 3286 -1
3289: -1
3290: -1
3291: -1
1433: -1
3293: -1
3294: -1
113: 3271 3270 3254 3255 1583 1582 3258 3259 3260 3261 3262 3263 3264 3265 3266 3267 22 3269 3272 3273 3274 941 220 3253 3276 3277 3278 3279 3280 3281 3282 1573 3284 3285 3286 3252 3287 1592 3289 3290 3291 1433 3293 3294 -1
114: 3301 -1
274: 3301 -1
114: 3301 -1
114: 3301 -1
114: 3301 -1
3301: -1
115: 1437 1437 1438 -1
115: 1437 1437 1438 -1
394: 2349 -1
115: 1437 1437 1438 -1
1437: -1
1437: -1
1438: -1
384: 382 394 2994 1437 1437 1438 -1
274: 382 394 2994 1437 1437 1438 -1
115: 382 394 2994 1437 1437 1438 -1
116: 3314 -1
3313: 3314 -1
3314: 1122 -1
3315: -1
116: 1122 3314 3315 -1
116: 1122 3314 3315 -1
116: 1122 3314 3315 -1
116: 1122 3314 3315 -1
116: 3314 -1
274: 1122 3314 3315 -1
116: 1122 3314 3315 -1
3323: 3 787 -1
3324: 3 3190 -1
22: 3240 2413 -1
3273: 3 -1
3273: 3 -1
3273: 218 -1
3273: 2058 3 3 3 426 426 -1
3330: 694 2089 3 -1
3274: 3 3 -1
3274: 2024 3 -1
116: 1093 3 3 -1
3274: 325 273 273 -1
3274: 426 3 -1
3274: 3 3 -1
3274: 3 3182 -1
3274: 1224 2058 426 426 426 3210 3 3 3207 3185 801 -1
115: 2058 2349 3 1946 -1
3274: 3 -1
3274: 3 3 2084 -1
3274: 3 -1
3274: 1196 -1
274: 1978 2863 3 3 3 801 3207 2058 1224 1110 2024 426 426 426 2305 2000 373 -1
3274: 2217 3 -1
3274: 3 3 3 3 3 3 -1
3274: 2020 3 -1
3274: 3 -1
3274: 3 801 -1
3274: 3 3 801 -1
3274: 3221 426 426 426 426 58 792 1246 771 -1
160: 3 -1
3274: 3 -1
3274: 3 -1
3274: 3 -1
3274: 3 801 -1
3274: 373 3 3 2058 742 -1
3274: 3 -1
36: 3 -1
117: -1
36: -1
3362: -1
3314: -1
394: 2349 -1
358: -1
335: -1
115: 382 394 2994 1437 1437 1438 -1
37: 382 394 2994 1437 1437 1438 -1
3274: 382 394 2994 1437 1437 1438 -1
37: -1
119: 3374 3377 1561 1561 1561 -1
3281: -1
3373: -1
3374: -1
394: 3377 3374 1561 1561 1561 -1
3284: 3377 3374 1561 1561 1561 -1
3377: -1
1561: -1
3274: -1
1561: -1
3280: 3374 3377 1561 1561 1561 -1
3280: -1
3383: -1
711: 4 2860 0 378 2321 2330 2038 1906 1969 360 1948 1956 1905 1960 2863 1958 1976 1980 1990 2001 334 2020 2025 1907 2032 2035 2047 2051 -1
3385: -1
3386: -1
37: 629 -1
116: 136 2444 3203 -1
37: 3405 3406 3408 3409 3069 -1
37: 3405 2233 3406 3407 3408 3069 -1
37: 2206 -1
37: 3164 -1
37: 3408 -1
37: 3408 -1
121: 3408 3069 -1
37: 694 -1
37: 3408 3409 2024 -1
37: 3409 -1
37: 3409 -1
37: 694 -1
37: 3409 -1
37: 694 -1
37: 3405 3406 -1
37: 694 -1
37: -1
37: -1
37: -1
37: -1
37: -1

