0: -1
1: 139 8 -1
2: 153 -1
3: -1
4: -1
5: 137 225 137 225 137 -1
6: -1
7: 126 187 187 233 234 2 2 285 236 3 162 288 126 126 192 240 194 195 -1
8: 197 245 -1
9: 250 -1
8: -1
8: 332 226 274 4 162 336 337 226 2 339 226 16 226 226 20 226 226 346 347 192 16 0 348 226 226 50 288 20 219 350 150 351 275 353 63 354 355 357 3 274 359 276 106 361 226 1 236 277 363 192 226 279 279 279 279 279 226 226 226 226 226 226 226 226 279 106 226 365 -1
8: 1 139 -1
8: 7 187 187 187 187 187 187 187 187 187 187 187 187 187 187 187 187 187 187 -1
10: 153 -1
10: 162 -1
14: 381 -1
14: 126 231 126 231 3 126 231 126 231 126 192 126 231 126 290 194 242 -1
14: -1
14: 7 293 7 397 3 236 398 50 7 7 401 7 403 404 7 50 55 405 7 407 408 409 226 410 411 412 197 7 245 3 415 416 417 296 53 20 247 20 247 20 247 20 247 20 247 201 300 250 425 204 427 205 304 305 255 307 433 309 310 259 260 313 439 314 205 315 316 444 266 267 176 448 269 450 270 323 180 176 176 225 455 326 457 327 328 329 461 330 463 332 226 226 20 30 20 30 20 247 -1
16: 336 337 226 471 472 339 226 475 226 226 350 3 478 226 226 226 482 346 347 485 162 16 486 348 488 489 410 50 490 407 226 492 493 2 494 350 496 351 352 353 354 355 226 357 236 274 359 197 50 276 361 508 226 226 353 81 355 204 16 277 363 204 251 513 514 204 515 204 277 516 204 277 279 518 204 251 43 204 251 363 204 519 204 520 204 521 204 251 522 523 204 277 525 526 -1
2: 153 -1
16: 533 534 535 536 -1
2: 226 539 -1
16: 540 1 -1
2: 542 1 162 543 16 16 33 544 16 -1
16: -1
2: -1
16: 569 570 571 -1
2: 572 -1
16: 573 -1
21: 578 579 187 233 582 226 583 584 374 2 376 588 -1
20: 590 591 377 10 286 162 237 162 237 162 237 162 597 598 288 381 231 -1
14: -1
21: -1
20: 603 -1
16: 613 614 290 194 241 242 618 194 241 388 7 7 -1
29: 7 -1
20: 5 359 4 50 0 150 626 7 628 392 393 7 632 43 -1
8: 1 -1
16: -1
34: -1
30: -1
10: 636 10 637 3 638 3 639 14 14 14 14 10 -1
1: -1
16: 642 -1
34: -1
38: 14 654 655 187 656 14 657 14 14 14 14 14 14 14 14 14 14 14 14 658 -1
43: 20 659 660 661 662 663 5 664 -1
1: -1
33: 670 3 471 671 672 673 674 675 676 677 678 679 680 681 3 14 226 683 -1
34: 226 398 407 245 471 -1
42: 685 -1
43: 381 -1
1: 688 689 395 7 7 7 -1
33: 7 401 3 236 2 7 407 403 404 -1
34: 16 20 162 106 5 339 703 204 55 354 405 1 7 296 407 407 408 409 410 7 411 412 413 -1
42: 245 415 416 417 296 53 -1
43: 30 -1
1: -1
50: 450 450 451 -1
56: 126 -1
42: 452 763 764 765 454 -1
10: 81 162 -1
43: 488 455 456 769 458 328 20 -1
54: 460 485 187 187 187 461 187 462 187 463 187 464 187 361 187 226 187 226 187 779 187 3 187 187 197 245 -1
50: 780 781 -1
56: 9 488 81 588 456 16 30 81 288 7 150 508 2 5 5 226 236 783 -1
42: 784 -1
16: -1
63: -1
53: 187 572 -1
59: 266 226 328 226 7 407 471 53 3 397 236 472 339 -1
50: 475 226 769 3 -1
61: 10 10 10 10 10 10 10 10 10 10 10 10 10 10 10 10 10 10 -1
43: 187 572 -1
42: 477 492 478 226 3 226 226 -1
16: 288 339 176 482 482 482 346 652 50 55 1 1 407 347 485 804 3 236 486 348 50 488 471 226 489 614 809 337 43 50 350 16 455 664 490 490 162 491 8 55 50 2 8 3 492 493 482 814 482 494 350 496 351 352 498 353 821 355 226 -1
63: 827 276 361 -1
16: 642 -1
53: 153 -1
59: 226 832 833 834 835 -1
55: 337 351 836 362 336 363 839 840 513 514 843 844 845 846 516 848 849 517 518 852 853 34 854 855 856 857 858 519 860 520 862 521 864 865 522 90 523 868 869 226 525 526 527 874 875 529 530 531 879 355 513 533 534 569 535 536 226 885 886 887 888 889 890 226 891 892 893 894 895 896 897 898 346 899 900 901 902 903 904 905 906 907 908 909 910 911 912 913 914 915 226 916 917 918 919 920 921 922 923 924 925 2 2 927 928 929 930 931 277 932 933 934 935 16 936 937 1571 938 939 940 16 2 942 5 943 944 945 946 947 948 949 950 951 538 953 954 539 956 3 957 958 959 540 541 962 542 543 444 544 966 967 968 969 970 971 972 973 974 975 976 977 978 979 980 981 154 982 983 984 985 986 987 2 989 990 991 992 993 994 995 545 546 547 999 1000 409 548 549 1003 550 226 552 553 554 1009 1010 556 2 557 1013 558 10 1016 560 1018 370 1020 1021 562 563 564 565 566 339 219 267 347 1 1027 567 703 55 1029 1030 1031 1032 1033 568 569 1036 570 571 1039 1040 1041 572 2 1044 1045 1046 573 574 575 576 577 578 579 372 581 582 1057 583 584 585 586 587 588 1064 1 1065 1066 1067 1068 1069 1070 336 1071 1072 1073 1074 1075 226 461 1076 1077 21 1079 1080 1081 21 1082 21 21 21 1083 21 21 1084 1085 1086 1087 1088 1089 412 14 1090 1091 589 590 21 21 496 21 591 245 592 10 1097 1098 10 595 21 162 1102 21 21 21 21 21 21 21 21 1103 1104 16 1105 1106 588 1107 597 1109 598 139 10 288 10 381 601 1115 1116 1117 1118 1119 1120 602 603 407 604 1124 605 606 607 1128 1129 1130 607 1 608 1132 607 1133 1134 610 611 1 1137 1138 1139 1140 1141 1142 1143 590 137 613 614 615 241 274 1148 617 491 1150 1151 1152 619 1154 620 621 389 2 623 1159 1160 1161 1162 1163 5 1165 7 626 627 0 628 1169 630 631 632 1173 1174 1175 634 635 1178 636 288 226 14 1181 2 1182 99 637 1184 638 639 16 1188 1189 1190 1191 1192 1193 1194 641 226 363 145 642 643 1198 1199 1200 1201 1202 126 1203 2 163 1204 1205 4 407 646 1207 1208 1209 1210 16 1 226 1211 50 1212 649 650 1215 651 652 1218 1219 16 1221 1222 8 654 1 655 1225 656 1227 81 1228 657 1230 1231 1232 1233 1234 1235 16 1236 1237 315 226 1238 53 7 1239 16 8 1241 659 660 661 662 663 664 16 1249 1250 34 665 359 126 666 1253 1254 1255 1256 508 1257 16 19 16 1258 1259 1260 1261 667 482 1263 1 16 1264 346 1265 1 16 267 1266 1267 316 482 1 16 19 176 1268 1269 669 177 670 1272 671 3 16 -1
74: 1286 -1
64: 471 683 683 -1
76: 1289 -1
16: 1290 398 407 1291 1292 176 43 2 2 236 3 352 471 1293 -1
63: 33 226 1295 1296 16 1297 1298 1299 33 40 7 -1
16: 1 1 81 7 407 245 3 -1
16: 1301 -1
80: 1302 -1
59: 1303 -1
55: 3 3 3 3 3 3 346 53 -1
74: 5 1306 -1
64: 1308 2 2 471 1309 3 -1
76: 226 -1
86: 187 572 -1
63: 1310 -1
20: 683 683 683 683 683 683 683 683 683 683 683 683 683 683 683 683 683 683 683 683 683 683 683 392 1311 1312 -1
79: 1313 7 -1
90: 1314 -1
81: 1318 1319 16 1320 1321 1322 226 208 1323 3 1324 1325 3 1326 -1
55: 137 225 137 225 137 225 137 225 137 225 137 225 137 225 137 225 137 225 137 225 137 225 137 225 137 225 137 225 137 225 -1
74: 16 -1
64: 1328 -1
76: -1
96: 1338 42 42 42 42 42 42 -1
55: 3 3 3 3 3 3 346 53 -1
78: 1340 -1
20: 42 1343 7 1344 1345 407 397 1346 3 1 81 236 398 1 7 42 1348 1349 7 1350 1351 16 1352 1353 403 1354 1355 1356 1357 50 1358 1359 42 1361 1362 1363 1364 16 7 1365 42 1366 1367 1368 180 7 16 1369 401 1370 1371 16 42 1372 1373 1374 16 19 1375 1137 16 1376 16 226 1377 1378 1379 42 1200 409 1381 14 226 411 1382 412 1383 1384 591 1385 410 1386 1387 1388 607 1389 154 50 16 226 16 226 50 1390 1391 1392 1393 269 1394 1395 1396 1397 1398 1140 1399 1400 1401 1402 245 679 3 415 1403 416 1404 1405 42 359 16 1406 16 1407 1408 1409 42 1410 1411 42 3 1413 7 205 1414 1415 42 42 1416 1417 1418 1419 1420 674 42 42 16 1421 1422 1423 -1
14: 1430 1431 42 42 42 42 16 17 16 17 16 17 328 81 1435 4 4 150 16 16 16 -1
14: 126 7 1436 685 685 16 -1
14: 1439 276 16 684 1441 1442 16 16 686 226 1444 1 1 1 688 1435 20 4 689 139 2 296 1448 691 1450 -1
90: -1
92: 398 398 398 398 398 398 398 398 398 695 398 1455 -1
92: -1
104: 410 1475 411 412 1478 713 396 410 1481 -1
76: -1
76: 1483 1484 -1
106: 1485 43 337 1486 16 1 328 662 568 471 3 226 176 226 295 679 8 3 508 3 353 1489 1490 -1
97: -1
8: 1200 1491 266 226 407 226 471 397 471 3 3 415 718 679 3 14 3 3 1494 1021 2 -1
1: 1200 187 187 187 1491 266 187 226 187 407 187 226 471 187 397 187 471 187 187 187 3 187 3 187 187 415 187 718 187 187 187 679 187 187 3 14 187 3 187 3 1494 187 1021 187 2 187 187 353 187 1495 187 16 50 1496 16 417 1498 50 418 1500 419 1349 7 16 404 1502 1503 7 7 16 7 16 1504 16 19 50 55 1505 16 1506 50 1507 50 1508 1509 50 1510 1511 1512 50 1 50 197 245 -1
1: 1200 1513 660 475 288 1485 1514 266 1074 1515 674 1516 43 1517 226 347 485 226 1518 16 461 1519 154 1520 76 1521 398 1522 353 226 1523 662 568 1524 456 1525 462 1526 1527 1528 99 1529 1530 463 1531 482 488 1532 236 3 464 1533 1534 455 407 485 1535 492 1536 637 471 907 723 1538 1539 226 226 7 1540 1541 1542 1543 397 729 1545 359 1546 731 732 423 734 425 251 569 1489 1553 1554 738 638 1556 1557 1558 1559 3 -1
79: 7 4 42 482 16 1560 16 43 3 328 -1
10: 435 745 260 437 1566 260 437 440 -1
20: 441 -1
90: 1569 1570 1571 50 1572 50 444 16 1574 267 1576 1577 1578 1579 1580 1581 267 126 126 267 450 1585 451 1587 1588 1589 1590 1591 50 1593 16 1594 1595 1596 1597 1598 1599 2 126 1600 1601 1602 1603 1604 1605 1606 444 1607 1608 1609 1610 50 1611 1612 1613 42 1614 1615 -1
20: 1616 -1
90: 126 7 1436 685 685 16 -1
20: 603 1618 1619 -1
3: -1
104: -1
76: 43 339 614 16 471 226 104 1642 3 353 2 236 -1
92: 126 7 1436 685 685 16 -1
104: 1643 1644 1645 1646 1649 309 434 309 -1
95: 1650 1651 411 1652 4 1653 34 16 1 1250 42 -1
129: 1655 1087 1656 1657 1658 1659 -1
97: -1
14: 4 150 0 359 50 5 626 20 -1
95: 0 -1
8: 0 1482 620 490 434 204 233 613 309 -1
20: 0 -1
10: 0 -1
8: 0 -1
20: 0 -1
8: 1398 0 -1
90: 2 1202 0 590 233 236 -1
143: 0 363 -1
8: 6 0 659 34 1253 126 -1
64: 1328 0 632 628 613 1148 927 1045 363 1027 1524 226 337 359 471 475 1515 1520 1184 350 1545 351 339 355 723 336 660 288 43 2 568 462 397 236 -1
97: 568 0 -1
104: 0 -1
110: 613 0 2 -1
8: 907 -1
133: 568 1045 1345 0 -1
3: 969 903 475 1515 350 1188 649 650 604 139 1227 1222 1230 1236 1239 1272 821 858 226 893 913 907 277 933 1202 0 145 898 -1
103: 628 0 613 226 -1
110: 50 5 0 -1
8: 194 0 674 -1
20: 0 -1
20: 518 363 0 1523 -1
8: 0 14 363 -1
92: 0 -1
110: 1031 0 -1
104: 568 0 -1
20: 226 576 471 0 1137 491 7 434 2 -1
95: 351 899 959 907 0 -1
134: 0 -1
95: 1475 1169 0 -1
163: 3 0 -1
95: 0 -1
133: 1372 0 363 -1
20: -1
133: 0 -1
110: 0 -1
20: 1482 0 -1
95: 398 1345 1372 0 674 -1
143: 567 1318 1010 0 1372 1345 7 907 -1
95: 0 603 655 -1
8: 0 -1
150: 0 -1
110: -1
8: -1
1: 8 -1
1: 8 -1
153: 30 267 288 2 55 162 491 339 150 1204 681 1272 50 126 1253 482 482 42 16 20 4 50 1148 7 411 8 1 351 354 659 552 1 -1
154: 1 309 1372 -1
1: 162 1 8 81 296 1259 482 1 1264 1 1227 288 176 659 508 354 204 604 55 -1
1: 405 -1
1: 50 63 339 -1
134: 674 539 1372 567 1398 1571 1 -1
8: 604 1 -1
163: 403 907 1 106 233 154 126 1272 -1
20: 1 1 652 482 -1
1: 139 1 288 -1
97: 53 339 482 288 176 1 351 398 -1
50: 2 1 567 -1
98: 553 -1
179: 1 8 288 99 139 0 1189 927 907 855 569 1207 910 513 30 1227 -1
134: 204 1 -1
16: 1 590 1571 1 1227 16 16 488 3 -1
95: 1 -1
1: -1
50: 1 -1
163: 1 -1
153: 1363 1 604 16 1581 -1
1: 482 1264 346 50 1268 177 482 16 -1
1: 176 -1
1: 288 30 405 276 0 99 226 363 -1
16: 354 659 20 1250 1 -1
150: 1 -1
34: 1260 1 288 50 482 1264 346 176 177 482 50 16 -1
133: -1
133: -1
2: 153 -1
164: -1
2: 153 -1
95: 2 106 175 2 126 2 126 126 -1
134: -1
134: -1
16: 153 -1
106: 153 -1
16: 153 -1
97: 106 -1
95: 2 -1
97: 153 -1
150: 20 162 43 106 5 703 204 55 150 405 1 7 296 407 407 408 409 7 411 412 -1
97: 153 -1
150: 8 732 491 339 106 -1
43: 359 2 659 34 8 126 666 16 441 665 315 16 1353 8 652 656 1227 569 20 -1
1: 153 -1
184: 1086 2 1436 -1
2: 520 106 233 187 1482 194 3 236 43 -1
97: 153 -1
2: 153 -1
176: 471 2 4 -1
179: 1 16 1371 7 355 16 106 50 245 -1
2: 153 -1
150: 643 1372 403 233 1345 1580 106 -1
176: 619 1202 663 3 932 -1
134: 2 576 176 493 -1
53: 153 -1
153: 917 2 42 55 491 288 150 359 723 -1
2: 2 407 3 -1
176: 3 1372 567 -1
134: 1372 3 398 1202 542 1580 50 337 590 1260 1137 552 226 464 1393 2 434 1577 154 245 -1
176: 2 3 43 1540 236 -1
196: 3 226 -1
2: 43 456 104 3 -1
98: 307 1642 3 260 -1
134: 3 -1
200: 328 104 407 1291 43 204 3 2 -1
201: 571 -1
2: 3 -1
98: 3 226 552 -1
204: 3 -1
205: 3 226 552 -1
201: 779 3 43 -1
2: 3 226 614 -1
208: 783 236 176 43 3 471 -1
1: 3 226 339 -1
150: 3 -1
133: 576 959 1598 1372 3 485 -1
1: 398 407 53 3 -1
207: 3 -1
208: 3 16 226 1272 -1
164: 204 3 1372 -1
164: 3 -1
176: 839 3 351 -1
263: 1234 513 542 513 907 855 821 3 526 916 -1
206: 328 407 471 3 236 16 53 176 -1
164: 3 -1
95: 3 346 -1
97: 471 339 1482 3 1372 398 3 967 471 -1
1: 1345 7 8 1571 30 162 339 16 226 150 8 3 508 1 7 1065 907 194 2 434 398 1372 590 1200 106 14 1475 569 491 175 154 233 309 959 1036 204 251 176 520 522 1421 942 569 106 1557 425 236 2 523 407 471 1291 671 43 251 -1
16: 3 569 626 -1
176: 407 176 3 236 266 43 -1
176: 3 -1
176: 3 3 236 -1
1: 3 1475 -1
184: 296 355 482 4 20 -1
164: 4 106 -1
176: 4 -1
184: 20 126 150 150 411 30 4 1435 688 16 -1
34: 4 -1
184: 4 1609 -1
179: 4 -1
106: 539 569 4 -1
8: 4 -1
2: 937 539 43 655 899 4 2 106 351 176 -1
154: 4 2 434 -1
97: 4 -1
98: 4 1435 492 -1
2: 4 -1
276: 4 -1
176: 4 1475 -1
43: 4 1391 1239 899 518 20 -1
178: 590 4 1372 339 1571 1345 106 1137 -1
153: 4 686 -1
2: 4 -1
250: 4 471 587 -1
162: 425 4 -1
195: 4 676 425 -1
253: 425 4 7 1291 907 -1
254: 4 -1
208: 106 1284 1372 1310 194 398 187 4 176 153 337 339 -1
256: 4 126 -1
195: 4 81 -1
64: 4 1435 -1
20: 471 30 4 20 1450 688 288 150 1 1435 126 -1
38: 154 567 1372 4 81 2 3 233 7 153 1345 398 -1
38: 4 -1
38: 154 686 4 -1
256: 4 -1
256: 4 -1
263: 1227 560 1372 4 552 154 1614 -1
253: 4 -1
253: 204 1475 4 -1
164: 4 -1
106: 4 153 -1
20: 187 1372 4 -1
106: 4 1571 1345 634 -1
20: 4 -1
176: 4 -1
95: 1260 -1
95: -1
95: -1
95: 5 -1
95: 5 -1
176: 603 -1
97: 660 -1
97: 337 351 836 362 336 363 839 840 513 514 843 844 845 846 516 848 849 517 518 852 853 34 854 855 856 857 858 519 860 520 862 521 864 865 522 90 523 868 869 226 525 526 527 874 875 529 530 531 879 355 513 533 534 569 535 536 226 885 886 887 888 889 890 226 891 892 893 894 895 896 897 898 346 899 900 901 902 903 904 905 906 907 908 909 910 911 912 913 914 915 226 916 917 918 919 920 921 922 923 924 925 2 2 927 928 929 930 931 277 932 933 934 935 16 936 937 1571 938 180 939 180 940 16 50 942 5 943 944 945 946 947 948 949 950 951 538 953 954 539 956 3 957 958 959 540 541 962 542 543 444 544 966 967 968 969 970 971 972 973 974 975 976 977 978 979 980 981 154 982 983 984 985 986 987 2 989 990 991 992 993 994 995 545 546 547 999 1000 409 548 549 1003 550 226 552 553 554 1009 1010 556 2 557 1013 558 10 1016 560 1018 180 370 1020 1021 562 563 564 565 566 339 219 267 347 1 1027 567 703 55 1029 1030 1031 1032 1033 568 569 1036 570 571 1039 1040 1041 572 2 1044 1045 1046 573 574 180 575 576 577 578 579 372 50 581 582 1057 583 50 584 585 586 587 588 1064 1 1065 1066 1067 1068 1069 1070 336 1071 1072 1073 1074 1075 226 461 1076 1077 21 1079 1080 1081 21 1082 21 21 21 1083 21 21 1084 1085 1086 1087 1088 1089 412 14 1090 1091 589 590 21 21 496 21 591 245 592 10 1097 1098 10 595 21 162 1102 21 21 21 21 21 21 21 21 1103 1104 16 1105 180 1106 588 1107 597 1109 598 139 10 288 10 381 601 1115 1116 1117 1118 1119 1120 602 603 407 604 1124 605 606 607 1128 1129 1130 607 1 608 1132 607 1133 1134 610 611 1 1137 1138 1139 1140 1141 1142 1143 590 137 613 614 615 241 274 1148 617 491 1150 1151 1152 619 1154 620 621 389 2 623 1159 1160 1161 1162 1163 5 1165 7 626 627 0 628 1169 630 631 632 1173 1174 1175 634 635 1178 636 288 226 14 1181 2 1182 99 637 1184 638 639 16 1188 1189 1190 1191 1192 1193 1194 641 226 363 145 642 643 1198 1199 1200 1201 1202 50 55 126 1203 50 2 163 1204 1205 4 407 646 1207 1208 1209 1210 16 1 226 1211 50 1212 649 50 650 1215 651 652 50 1218 1219 16 1221 1222 8 654 1 655 1225 656 1227 81 1228 657 1230 1231 1232 1233 1234 1235 16 1236 1237 315 226 1238 53 7 1239 16 8 1241 658 659 660 661 662 663 50 55 664 16 1249 1250 34 665 359 126 666 1253 1254 1255 1256 508 1257 16 19 16 1258 1259 1260 1261 667 482 1263 1 16 1264 50 346 1265 1 16 267 1266 1267 316 482 1 16 19 176 50 1268 1269 669 177 670 1272 671 3 16 -1
253: 461 -1
97: 1162 -1
97: 493 -1
97: 456 -1
97: 3 -1
97: 660 -1
38: 3 -1
97: 456 -1
97: 3 -1
97: 489 603 -1
97: 16 1301 -1
21: 2 -1
97: 1 441 -1
97: 5 -1
97: -1
97: 346 -1
97: 508 -1
97: 34 -1
97: 359 -1
226: 359 -1
97: 1353 -1
97: 2 -1
97: 126 -1
97: 3 -1
97: 565 -1
97: 2 -1
6: -1
350: -1
6: -1
226: 6 6 6 -1
256: 43 6 1253 -1
176: 6 0 659 126 20 -1
43: 6 1253 43 20 -1
20: 43 6 1253 43 -1
1: -1
7: 126 187 187 233 126 126 192 240 194 195 -1
97: 187 187 233 234 126 192 240 194 195 -1
7: 126 187 187 233 234 907 3 407 126 192 240 194 195 -1
184: -1
184: -1
164: -1
176: -1
176: -1
184: -1
276: -1
184: -1
97: 150 16 -1
178: -1
1: -1
1: -1
8: -1
2: -1
154: -1
97: -1
7: 126 187 187 233 234 309 126 126 192 194 195 -1
106: 187 187 233 126 192 240 194 195 -1
7: 187 187 233 234 568 1 351 354 276 81 355 126 192 240 194 195 -1
7: 126 187 187 233 907 1482 126 126 192 240 194 195 -1
7: 233 126 192 240 194 195 -1
7: 126 187 187 233 234 1291 126 192 240 194 195 -1
7: 187 187 233 907 126 192 240 194 195 -1
7: 126 187 187 233 234 907 3 407 126 192 240 194 195 -1
162: 126 7 7 7 187 187 233 126 126 192 240 194 195 -1
7: 187 187 233 234 126 192 240 194 195 -1
7: 187 187 233 234 192 240 194 520 -1
7: 126 187 187 233 126 126 192 240 194 195 -1
7: 187 187 233 126 192 240 194 195 -1
7: 187 187 233 126 192 240 194 195 -1
7: 187 187 233 14 153 337 126 192 240 194 195 -1
7: 233 234 192 240 194 195 -1
7: 187 187 233 234 126 192 240 194 195 -1
7: 126 187 187 233 234 126 126 192 240 194 195 -1
7: 187 187 233 234 126 192 240 194 195 -1
7: 126 187 187 233 234 126 126 192 240 194 195 -1
7: 126 187 187 233 126 126 192 240 194 195 -1
7: 187 187 233 16 126 192 240 194 195 -1
7: 187 187 233 126 192 240 194 195 -1
43: 187 187 233 126 192 240 194 195 -1
7: 126 187 187 233 234 1106 204 126 126 192 240 194 195 -1
7: 187 187 233 234 346 679 3 126 192 240 194 195 -1
2: -1
276: -1
8: 245 -1
8: 245 -1
8: 245 -1
245: 475 1485 1545 1515 43 16 490 2 1500 662 568 1520 1524 355 663 3 456 482 488 455 492 471 350 723 226 1328 471 226 1541 251 236 1184 839 516 821 518 849 858 519 875 355 226 890 904 908 915 226 922 929 933 30 405 613 8 491 354 339 681 1233 8 0 81 355 288 1482 353 50 508 641 1 296 1345 4 533 496 1236 1391 -1
245: 1482 276 30 475 336 1372 660 288 1485 1545 425 1515 339 43 1517 226 1486 1260 226 16 490 1521 2 351 7 662 568 1520 1524 456 355 1525 462 3 1528 99 339 412 1513 482 488 1 1532 1534 455 407 485 1535 492 637 471 907 723 350 1538 226 7 1328 1272 1540 226 1543 397 337 614 471 226 104 359 226 346 732 425 423 734 611 236 1489 1553 738 1556 1559 1184 337 336 491 839 64 821 849 989 855 860 869 226 875 879 355 0 533 886 890 226 99 904 908 910 226 922 923 927 929 277 363 933 613 288 50 226 1 8 162 1 8 508 296 353 641 355 8 81 50 643 50 351 496 478 -1
20: 2 652 1227 8 656 315 441 8 659 34 665 359 126 666 1353 569 16 19 43 -1
30: 187 434 907 8 -1
20: 475 1485 1545 1515 43 16 490 2 1500 662 568 1520 1524 355 663 456 482 488 455 492 471 350 723 226 1328 471 226 1541 3 251 236 1184 821 935 518 849 858 519 875 355 226 890 904 908 915 226 922 899 929 933 666 30 405 613 491 354 1209 681 1233 8 0 656 81 288 1482 1272 353 659 50 1571 508 641 1 296 1345 4 533 496 1236 1391 -1
38: 539 339 219 703 848 8 1027 566 569 219 -1
250: -1
8: 245 -1
229: 2 8 1372 296 1291 226 398 -1
8: 245 -1
162: 8 -1
42: 1395 590 8 611 -1
162: 8 -1
304: 8 0 363 -1
305: 43 8 8 1482 -1
8: 153 1169 403 1393 1372 194 339 106 8 1345 -1
304: 1228 351 1500 16 8 471 659 43 -1
305: 233 8 -1
416: 20 8 -1
309: 8 204 703 -1
305: 407 7 8 352 809 226 162 493 43 410 3 494 352 398 455 -1
7: 106 8 -1
416: 8 -1
195: 1227 8 1202 -1
307: 392 106 8 1372 1482 1103 153 -1
410: 3 4 50 1372 106 398 8 471 309 150 359 1 1140 154 -1
34: 8 398 -1
416: 0 1 5 8 3 -1
310: 347 1268 8 -1
106: 539 8 1264 569 162 346 361 1485 1 16 104 42 -1
8: 245 -1
34: 43 2 8 407 471 350 176 3 106 1 236 1475 -1
8: 50 508 613 1148 1482 50 55 219 267 8 1 -1
195: 233 8 -1
214: 407 7 8 352 809 226 162 493 43 410 3 494 352 398 455 -1
314: 339 8 1372 1406 7 7 -1
34: 8 -1
43: 8 7 20 -1
434: 106 226 1169 154 8 150 1300 309 434 -1
195: 1 1222 8 16 1272 -1
314: 245 8 -1
34: 491 8 274 363 1200 1203 351 355 150 508 1 4 1 411 8 659 50 1192 16 1237 -1
450: 8 233 -1
195: 590 8 3 1571 1475 -1
442: 106 2 236 8 204 1372 398 233 -1
276: 407 7 8 352 809 226 162 493 43 410 3 494 352 398 455 -1
176: -1
97: -1
97: -1
176: -1
176: -1
416: -1
176: -1
8: 539 1372 590 583 353 226 226 947 -1
8: 204 43 50 2 671 407 1291 16 471 350 493 226 -1
310: -1
176: -1
176: 81 -1
97: -1
330: 929 -1
20: 1371 488 398 411 1359 42 569 590 -1
416: -1
97: -1
97: -1
97: -1
274: -1
176: -1
8: -1
16: -1
106: -1
20: -1
97: -1
97: -1
97: -1
50: -1
97: 245 -1
164: -1
176: -1
133: -1
274: -1
226: -1
226: -1
106: -1
176: -1
97: -1
209: -1
226: -1
106: -1
350: -1
176: -1
97: -1
97: -1
43: -1
176: -1
176: 1523 -1
8: 137 225 137 -1
97: -1
97: -1
97: -1
176: -1
176: -1
176: -1
176: -1
42: -1
97: -1
97: -1
97: -1
97: -1
97: -1
97: -1
97: -1
97: -1
97: -1
97: -1
97: -1
176: -1
97: -1
97: -1
97: -1
97: -1
97: -1
176: -1
104: -1
97: -1
97: -1
97: -1
34: 907 -1
8: 1372 309 1475 -1
8: 192 1571 899 -1
354: -1
543: 8 -1
34: 950 226 8 154 1560 20 -1
533: 42 8 16 -1
97: 43 425 106 1372 -1
8: 1 -1
8: 1372 -1
34: 703 848 288 8 -1
176: 1436 154 552 226 398 434 1311 405 407 8 -1
8: 139 604 407 339 703 -1
8: 1517 -1
8: 488 -1
8: 1 -1
76: 0 16 573 8 7 126 -1
363: 398 16 1357 42 1359 -1
97: -1
97: -1
154: -1
154: -1
154: -1
154: -1
154: -1
97: -1
154: -1
154: -1
154: -1
154: -1
154: -1
154: -1
154: -1
154: -1
154: -1
104: -1
154: -1
559: 8 -1
164: 8 -1
164: 8 -1
164: 7 8 -1
576: 2 8 -1
516: 8 -1
563: 8 -1
97: 187 187 187 187 187 187 187 187 187 187 187 187 187 187 187 187 187 -1
164: 8 -1
8: 16 -1
8: 1321 -1
555: 1318 -1
8: 153 -1
8: 153 -1
374: 153 -1
2: -1
43: 10 20 -1
20: 10 43 -1
579: -1
151: -1
20: -1
20: -1
20: -1
20: -1
3: -1
20: -1
20: -1
20: -1
20: -1
42: -1
42: -1
20: -1
20: -1
20: -1
610: -1
154: -1
376: -1
14: 126 231 126 231 126 290 194 242 -1
187: 388 -1
286: -1
42: -1
2: 569 -1
110: 347 219 405 681 7 81 604 14 150 605 659 50 162 552 -1
286: 513 886 933 839 513 514 846 849 821 518 226 1372 855 857 858 860 868 869 226 874 875 879 534 887 888 890 226 893 897 896 346 902 64 905 908 910 535 915 226 907 922 928 929 277 932 363 619 1154 935 34 1160 519 241 527 579 1272 1 911 7 913 1191 425 950 539 1571 541 620 544 969 989 1009 1010 1018 0 226 14 99 1192 226 363 613 1148 1263 1200 440 1265 1203 1577 219 267 -1
5: 137 225 137 -1
5: 137 225 137 -1
5: 1148 363 14 1475 -1
7: 1148 0 226 1475 1200 660 475 1325 674 43 226 16 1519 154 76 662 568 1520 456 355 1545 1086 99 959 482 1532 1533 488 455 407 1535 637 471 723 53 1538 1656 7 1540 1291 1384 3 1402 397 337 614 471 104 226 1546 226 679 907 176 676 226 346 423 3 3 3 588 603 611 353 236 351 415 1557 1558 30 14 656 363 -1
5: 337 839 513 514 846 849 821 518 226 1372 855 857 858 860 868 869 226 874 875 879 513 534 887 886 888 890 226 893 897 896 346 902 64 905 908 910 535 915 226 907 922 928 929 277 932 933 363 619 1154 935 34 1160 519 241 527 579 1272 1 911 913 1191 425 950 539 1571 541 620 544 969 989 1009 1010 1018 0 226 14 99 1192 226 363 613 1148 1263 1200 440 1265 1203 1577 219 267 -1
2: 491 -1
53: 226 -1
14: 7 1482 337 590 -1
376: 7 204 251 204 521 195 -1
14: 7 -1
14: 7 -1
14: 7 659 -1
14: 7 417 959 -1
14: 7 -1
42: 7 -1
14: 7 1525 1372 1345 153 -1
14: 7 -1
14: 7 -1
14: 7 -1
56: 7 -1
14: 7 -1
14: 7 -1
14: 7 -1
14: 7 -1
14: 7 674 -1
14: 7 -1
14: 7 -1
14: 7 226 898 590 1372 1475 337 309 339 1571 660 949 1482 674 1539 552 678 226 587 1239 -1
14: 7 1482 -1
14: 7 -1
14: 7 2 1475 1482 14 427 1 1530 -1
14: 7 -1
14: 7 -1
14: 7 1345 309 398 788 7 1372 1310 -1
14: 7 -1
14: 7 -1
14: 7 204 251 -1
14: 7 1272 1137 -1
20: 7 293 7 -1
14: 7 -1
14: 7 -1
14: 7 -1
14: 7 -1
14: 7 226 -1
14: 7 -1
14: 7 1482 1542 -1
14: 7 -1
14: 7 3 907 552 -1
14: 7 -1
14: 7 1530 -1
14: 7 -1
14: 7 -1
14: 7 -1
14: 7 1418 236 674 16 1421 1416 20 1422 -1
14: 7 7 -1
14: 7 -1
14: 7 -1
14: 7 -1
14: 7 -1
14: 7 -1
14: 7 -1
14: 7 -1
14: 7 -1
2: 7 674 -1
14: 7 491 845 -1
162: -1
7: -1
176: -1
3: -1
320: -1
50: -1
7: -1
663: -1
401: -1
7: -1
403: -1
404: 1357 398 -1
7: 276 1372 603 -1
50: -1
50: -1
405: -1
7: 403 42 16 50 353 -1
407: -1
408: -1
409: -1
63: -1
48: -1
48: -1
48: -1
7: -1
410: -1
3: -1
245: -1
245: 2 7 7 7 197 3 472 -1
245: -1
245: -1
59: -1
245: -1
178: -1
20: -1
178: -1
20: -1
178: -1
20: 7 -1
178: -1
20: 679 -1
178: -1
229: -1
245: -1
229: -1
229: -1
229: -1
42: -1
162: -1
48: -1
162: -1
304: -1
305: -1
416: 250 -1
53: -1
305: -1
416: -1
309: -1
305: -1
304: -1
416: -1
310: -1
307: -1
410: -1
34: -1
416: -1
310: 603 -1
106: -1
314: -1
34: -1
314: -1
195: -1
214: -1
7: -1
106: -1
106: -1
34: -1
314: -1
434: -1
229: -1
314: -1
34: -1
450: -1
34: -1
442: -1
106: -1
314: -1
20: -1
450: 1436 -1
162: -1
20: -1
20: -1
20: -1
20: -1
178: -1
453: 398 407 3 14 1291 176 -1
180: -1
274: -1
245: -1
215: -1
176: -1
450: -1
176: -1
464: -1
176: -1
274: -1
176: -1
274: -1
453: -1
459: -1
176: -1
176: -1
226: 1486 -1
176: -1
179: 488 -1
176: -1
463: -1
420: -1
226: 603 -1
50: -1
16: 674 -1
176: 1162 -1
176: -1
176: -1
184: -1
333: 398 434 -1
464: -1
350: -1
486: -1
463: 3 -1
420: -1
55: -1
420: -1
274: -1
226: -1
353: -1
226: -1
50: 176 -1
350: -1
353: -1
508: -1
97: -1
97: -1
350: 1 -1
20: -1
229: -1
16: 245 -1
226: -1
363: -1
176: -1
229: -1
363: -1
363: -1
229: -1
59: -1
229: -1
176: -1
514: -1
229: -1
176: -1
514: -1
514: -1
229: -1
229: -1
43: 572 -1
229: -1
229: -1
176: -1
229: -1
516: -1
229: -1
516: 154 -1
229: -1
184: -1
229: -1
229: -1
516: -1
42: -1
229: -1
16: -1
42: 525 526 -1
42: -1
516: -1
516: 855 204 16 6 -1
516: 525 526 -1
229: 16 -1
842: 16 -1
496: 106 -1
29: 434 2 -1
229: 2 42 2 233 194 204 81 2 -1
516: -1
521: -1
520: -1
516: -1
97: -1
2: 226 539 -1
97: -1
2: 226 539 -1
420: 226 539 -1
2: 226 539 -1
2: 226 539 -1
2: 226 539 -1
2: 226 539 -1
2: 226 539 -1
2: 226 539 -1
2: 226 539 -1
2: 226 539 -1
2: 226 539 -1
2: 226 539 -1
2: 226 539 -1
2: 226 539 -1
2: 226 539 -1
2: 226 539 -1
2: 226 539 -1
2: 226 539 -1
2: 226 539 -1
2: 226 539 -1
2: 226 539 -1
2: 226 539 -1
2: 226 539 -1
20: 226 539 -1
2: 226 539 -1
2: 226 539 -1
2: 226 539 -1
2: 226 539 -1
2: 226 539 -1
2: 226 539 -1
2: 226 539 -1
2: 226 539 -1
2: 226 539 -1
2: 226 539 -1
55: 226 539 -1
2: 226 539 -1
2: 226 539 -1
2: 226 539 -1
2: 226 539 -1
2: 226 539 -1
2: 226 539 -1
2: 226 539 -1
2: 226 539 -1
2: 226 539 -1
2: 226 539 -1
2: 226 539 -1
2: 226 539 -1
2: 226 539 -1
2: 226 539 -1
2: 226 539 -1
2: 226 539 -1
2: 226 539 -1
2: 226 539 -1
2: 226 539 -1
2: 226 539 -1
2: 226 539 -1
2: 226 539 -1
59: 226 539 -1
2: 226 539 -1
2: 226 539 -1
2: 226 539 -1
2: 226 539 -1
2: 226 539 -1
2: 226 539 -1
2: 226 539 -1
942: 226 -1
2: 226 539 -1
97: -1
226: 2 -1
16: 488 -1
16: 1 16 1227 -1
16: 154 540 16 588 -1
16: 1577 16 1259 50 1227 74 1250 50 1264 346 1 50 176 1269 177 482 1260 482 316 540 139 604 405 -1
516: 154 -1
956: 16 19 139 604 -1
178: 656 106 659 5 1 490 16 17 407 604 354 339 703 347 288 1259 590 50 482 1264 346 1222 1227 1 1261 50 16 19 176 1268 177 482 20 4 646 139 1 652 81 7 50 8 3 1250 34 665 126 1253 1272 1256 1255 552 50 654 -1
2: -1
943: -1
34: -1
2: 542 -1
2: 542 16 16 8 162 1 2 10 21 8 16 30 8 -1
2: 542 -1
2: 542 106 16 226 16 1253 106 10 20 -1
2: 542 666 126 359 42 -1
2: 542 16 50 1 1256 16 -1
2: 542 4 605 1435 16 -1
2: 542 821 16 858 74 43 910 893 50 -1
2: 542 904 417 897 81 967 -1
943: 542 3 8 226 34 1 63 59 20 16 -1
2: 542 488 1540 81 1546 226 1529 -1
2: 542 16 81 1256 -1
2: 542 666 605 1 -1
2: 542 8 543 16 2 33 16 50 -1
2: 542 947 1227 1222 1359 -1
2: 542 16 -1
2: 542 488 1272 -1
2: 542 -1
2: 542 1398 339 -1
2: 542 63 97 20 -1
2: 542 -1
2: 542 16 -1
2: 542 -1
2: 542 20 16 -1
2: 542 -1
2: 542 -1
16: -1
16: -1
16: -1
2: 153 -1
986: 16 -1
538: 226 1325 16 -1
2: 16 1318 -1
20: 16 -1
16: 16 154 -1
548: 16 1 -1
51: 16 -1
2: 407 7 -1
550: 16 -1
176: 2 16 19 16 -1
542: 16 3 -1
553: 427 907 1416 1423 614 16 2 240 488 104 226 3 -1
554: 106 907 194 16 -1
16: 16 804 642 -1
78: 398 16 -1
97: 16 547 -1
97: 16 -1
20: 16 -1
1010: 471 407 3 236 482 660 288 485 1559 3 614 16 226 568 488 455 662 3 3 -1
1010: 16 552 -1
34: 16 552 -1
553: 518 16 552 1482 588 674 1139 -1
2: 407 7 -1
553: 547 3 1326 1320 226 1325 3 16 603 -1
142: 16 1321 226 638 455 -1
55: 16 398 1495 226 236 53 -1
1016: 16 3 -1
92: 16 3 -1
1016: 16 434 194 -1
92: 16 -1
1016: 2 16 568 1489 1559 407 -1
533: 398 16 -1
1016: -1
20: 2 42 16 42 296 20 1372 1421 518 1416 194 204 233 676 187 30 -1
29: 2 16 19 16 -1
29: 2 16 19 16 -1
16: 1475 -1
553: 407 7 485 -1
1021: -1
370: 570 16 -1
16: 569 570 571 -1
563: 16 571 -1
553: 16 -1
97: 572 -1
43: 1200 587 -1
43: 1200 587 -1
559: -1
2: 572 -1
81: 572 -1
2: 572 -1
2: 572 -1
550: 1071 456 488 1517 455 154 43 568 1553 16 -1
2: 2 1395 16 -1
81: 959 488 569 602 7 16 1137 -1
1033: 226 -1
570: 1571 455 456 568 3 43 16 461 3 552 -1
563: -1
516: -1
81: -1
1033: -1
555: -1
310: -1
574: -1
81: -1
576: -1
516: -1
563: -1
1010: -1
2: 578 579 187 233 582 -1
2: 578 579 187 233 582 -1
2: 578 579 187 233 582 -1
2: 578 579 187 233 582 488 -1
2: 578 579 187 233 582 226 -1
16: 578 579 187 233 582 -1
2: 578 579 187 233 582 376 -1
2: 578 579 187 233 582 1227 -1
2: 578 579 187 233 582 -1
2: 578 579 187 233 582 -1
2: 578 579 187 233 582 -1
2: 578 579 187 233 582 -1
2: 578 579 187 233 582 -1
2: 578 579 187 233 582 -1
2: 578 579 187 233 582 -1
43: 578 579 187 233 582 -1
2: 578 579 187 233 582 1238 -1
2: 578 579 187 233 582 -1
2: 578 579 187 233 582 -1
2: 578 579 187 233 582 374 -1
2: 578 579 187 233 582 569 -1
2: 578 579 187 233 582 -1
2: 578 579 187 233 582 -1
2: 578 579 187 233 582 1137 539 -1
1016: 578 579 187 233 582 -1
2: 578 579 187 233 582 588 -1
2: 578 579 187 233 582 1066 -1
2: 578 579 187 233 582 1577 -1
1055: -1
151: 589 10 10 10 10 -1
106: 10 598 -1
555: 10 -1
1086: 590 591 377 286 162 237 162 237 162 237 162 -1
574: 590 377 1398 591 -1
574: 590 591 377 -1
10: -1
374: -1
2: 10 -1
2: 10 -1
2: 10 -1
2: 10 -1
2: 10 -1
2: 10 -1
110: 10 -1
563: 10 -1
574: -1
76: -1
574: 590 591 377 -1
520: 589 1398 591 590 10 10 10 -1
579: -1
151: -1
574: 590 591 377 -1
574: 590 591 377 286 162 237 162 237 162 237 162 597 598 288 381 231 -1
574: 377 -1
574: -1
43: 14 20 -1
20: 14 43 -1
14: -1
8: -1
8: 1 30 552 81 162 20 150 50 605 681 5 -1
179: 1538 -1
81: 1256 1272 552 1571 1204 30 20 355 276 81 -1
603: 336 659 660 20 55 661 674 226 226 485 1486 485 1076 486 461 226 493 662 456 355 1525 663 99 1087 339 226 3 482 488 989 1073 1533 489 590 455 604 1535 492 226 471 907 350 496 723 1383 1539 1644 7 769 1328 1540 274 397 176 1545 245 1184 350 226 441 5 226 664 346 659 732 410 423 274 251 664 34 359 1353 1253 1104 1489 197 1554 638 588 1556 565 1559 -1
595: 434 2 643 7 1398 2 204 567 1580 1310 187 398 194 20 403 233 764 -1
20: -1
20: 1525 -1
16: 652 20 1272 1 -1
8: 569 552 -1
20: 30 296 150 162 126 81 -1
574: 614 -1
574: 336 659 660 20 55 661 674 226 226 485 1486 485 1076 486 461 226 493 662 456 355 1525 663 99 1087 339 226 3 482 488 989 1073 1533 489 590 455 604 1535 492 226 471 907 350 496 723 1383 1539 1644 7 769 1328 1540 274 397 176 1545 245 1184 350 226 1249 441 5 226 664 346 659 732 410 423 274 251 664 34 359 1353 1253 1104 1489 197 1554 638 588 1556 565 1559 -1
1104: 552 153 1372 539 20 30 176 226 1571 154 2 -1
195: 20 398 -1
20: 226 -1
20: 328 -1
574: 1540 -1
20: 226 -1
20: 16 -1
20: 1542 -1
81: 336 659 660 20 55 661 674 226 226 485 1486 485 1076 486 461 226 493 662 456 355 1525 309 663 99 1087 339 226 3 482 488 989 1073 1533 489 590 455 604 1535 492 226 471 907 350 496 723 1383 1539 1644 7 769 1328 1540 274 397 176 1545 245 1184 350 226 441 5 226 664 346 659 732 410 423 274 251 664 34 359 1353 1253 1104 1489 197 1554 638 588 1556 565 1559 -1
14: -1
603: -1
614: -1
376: -1
154: -1
610: -1
20: -1
154: -1
154: -1
607: -1
16: 7 -1
187: -1
42: -1
286: -1
607: 16 16 619 -1
16: 613 388 7 7 -1
603: 613 388 7 7 -1
16: 613 388 7 7 -1
16: 613 388 7 7 -1
151: -1
607: -1
1104: 5 0 99 226 106 -1
2: -1
5: -1
7: -1
195: 0 1 2 3 4 5 6 7 8 9 -1
287: 5 1 0 162 4 2 3 8 -1
255: -1
187: -1
8: 1 -1
50: 568 456 576 488 455 8 518 959 -1
607: 602 637 8 -1
603: -1
195: 853 34 569 -1
20: 1227 30 -1
20: -1
97: -1
10: -1
10: 636 10 14 14 14 14 10 -1
187: -1
8: -1
8: -1
610: -1
14: -1
8: -1
8: -1
8: -1
10: -1
14: 636 10 639 14 14 14 14 10 -1
10: 636 10 982 639 14 14 14 14 10 -1
104: 636 10 10 639 -1
630: 1398 552 1 427 1227 -1
638: 643 -1
20: -1
16: 642 -1
16: 642 -1
16: 642 -1
97: 233 162 34 359 -1
34: 1328 -1
8: 392 1571 1482 233 204 34 242 662 1485 590 539 571 959 -1
20: 43 1086 496 1540 1543 236 1495 336 734 -1
34: 1031 0 337 226 99 363 -1
619: 359 -1
8: 907 804 34 194 204 233 -1
8: 1513 -1
8: 1545 351 339 -1
20: 1162 -1
34: 945 946 956 948 949 950 951 538 539 1000 1009 541 444 544 969 971 989 976 981 2 993 545 999 549 1003 554 1010 1018 1020 565 -1
8: 233 34 359 -1
614: 899 194 34 359 -1
614: 34 -1
8: 1162 -1
650: 204 2 34 359 233 187 -1
8: -1
16: 659 1 162 665 666 1227 34 604 81 -1
1134: 14 654 655 187 656 14 1530 14 398 -1
1134: 30 38 30 -1
1: 14 654 655 187 656 -1
30: -1
20: -1
197: -1
359: -1
197: -1
30: 14 654 655 187 656 14 657 14 14 14 14 14 14 14 14 14 14 14 14 658 -1
14: 30 38 30 -1
1150: 30 38 -1
110: 30 38 30 -1
14: 30 38 30 -1
14: 30 38 30 -1
8: 30 38 30 -1
14: 30 38 30 -1
8: 30 38 30 -1
14: 30 38 30 -1
14: 30 38 30 -1
8: 30 38 30 -1
34: 30 38 30 -1
14: 30 38 30 -1
14: 30 38 30 -1
153: -1
619: -1
8: -1
1176: -1
1134: -1
16: -1
654: -1
97: 2 -1
1: 407 -1
1134: 475 1045 1515 1520 663 471 350 652 681 150 659 1 30 -1
1200: 16 42 226 1 -1
1: 482 -1
1: -1
97: 659 55 162 1 150 -1
1: 3 -1
1: 1485 -1
1: 3 -1
176: 1 -1
1: 226 -1
1: 16 -1
1150: 652 226 1500 569 659 1 269 407 519 482 1545 611 1345 -1
614: 30 508 353 1 3 16 398 1355 42 16 1495 353 351 1580 1612 -1
34: 1540 1 -1
16: 1256 659 1 1357 150 1272 569 -1
1: 455 -1
1: -1
178: 1272 1391 569 681 1227 353 7 1482 1571 355 675 150 539 605 1 1208 63 16 1569 30 405 738 666 1395 1404 -1
14: 3 1 1227 1272 1571 -1
1263: 569 1 -1
663: -1
3: -1
56: -1
197: -1
34: -1
97: -1
664: -1
642: -1
14: -1
642: -1
1184: -1
16: -1
659: -1
3: -1
97: -1
310: -1
633: -1
30: 670 1542 -1
16: 1395 967 1066 -1
16: 670 -1
16: 670 -1
16: 681 14 1398 1525 675 3 674 14 1291 671 1137 569 680 3 7 539 1395 309 1475 679 1309 471 967 3 -1
16: 670 1525 -1
16: 670 674 -1
16: 670 -1
97: -1
110: -1
34: 1291 43 -1
34: 53 176 -1
34: 1656 590 488 3 -1
38: 685 -1
38: 685 -1
38: 685 -1
1253: 685 -1
38: 685 -1
38: 685 -1
664: 685 -1
664: 685 -1
164: 685 -1
97: 685 -1
38: 685 -1
38: 685 -1
38: 685 -1
38: 685 -1
38: 685 -1
38: 685 -1
38: 685 -1
38: 685 -1
38: 685 -1
38: 685 -1
104: 685 -1
38: 685 -1
38: 685 -1
38: 685 -1
38: 685 -1
56: 685 -1
56: 685 -1
56: 685 -1
56: 685 -1
38: 685 -1
197: 685 -1
197: 685 -1
38: 685 -1
197: 685 -1
197: 685 -1
197: 685 -1
197: 685 -1
197: 685 -1
38: 685 -1
197: 685 -1
197: 685 -1
197: 685 -1
197: 685 -1
3: 685 -1
197: 685 -1
197: 685 -1
197: 685 -1
197: 685 -1
197: 685 -1
197: 685 -1
197: 685 -1
38: 685 -1
197: 685 -1
197: 685 -1
197: 685 -1
197: 685 -1
197: 685 -1
197: 685 -1
14: 685 -1
38: 685 -1
14: 685 -1
38: 685 -1
38: 685 -1
38: 685 -1
110: 685 -1
104: 685 -1
38: 685 -1
14: 685 -1
197: 685 -1
14: 685 -1
38: 685 -1
1184: 685 -1
38: 685 -1
38: 685 -1
38: 685 -1
3: 685 -1
38: 685 -1
38: 685 -1
197: 685 -1
38: 685 -1
642: 685 -1
642: 685 -1
38: 685 -1
38: 685 -1
38: 685 -1
38: 685 -1
14: 685 -1
38: 685 -1
14: 685 -1
14: 685 -1
14: 685 -1
14: 685 -1
14: 685 -1
14: 685 -1
38: 685 -1
14: 685 -1
14: 685 -1
14: 685 -1
14: 685 -1
14: 685 -1
14: 685 -1
14: 685 -1
14: 685 -1
14: 685 -1
14: 685 -1
14: 685 -1
14: 685 -1
14: 685 -1
14: 685 -1
143: 685 -1
14: 685 -1
14: 685 -1
38: 685 -1
38: 685 -1
14: 685 -1
14: 685 -1
14: 685 -1
38: 685 -1
38: 685 -1
104: 685 -1
20: 685 -1
38: 685 -1
38: 685 -1
38: 685 -1
14: 685 -1
38: 685 -1
14: 685 -1
38: 685 -1
38: 685 -1
38: 685 -1
38: 685 -1
38: 685 -1
14: 685 -1
664: 685 -1
664: 685 -1
38: 685 -1
664: -1
664: 685 -1
14: 685 -1
664: 685 -1
38: 685 -1
151: -1
1410: 7 7 -1
8: 7 7 7 -1
1: 7 7 -1
676: 695 -1
630: 695 -1
14: 695 -1
8: 398 -1
14: 7 -1
287: 7 7 -1
376: -1
680: 7 7 -1
8: 695 -1
110: 695 -1
663: -1
38: -1
680: -1
8: -1
404: -1
664: 1372 403 -1
7: 1372 403 -1
38: 1 -1
634: -1
229: -1
197: -1
634: -1
1: -1
38: -1
634: -1
14: 43 16 490 482 2 568 456 162 488 455 407 492 614 226 471 734 3 821 -1
14: 409 -1
42: -1
650: -1
634: -1
197: -1
1330: 2 175 2 2 153 -1
104: 413 -1
664: -1
197: 245 415 416 417 296 53 -1
53: 245 415 416 417 296 53 -1
38: 245 415 416 417 296 53 -1
53: 245 415 416 417 296 53 1137 -1
53: 245 415 416 417 296 53 -1
16: 245 415 416 417 296 53 -1
97: 245 415 416 417 296 53 -1
630: -1
38: 245 415 416 417 296 53 -1
38: 245 415 416 417 296 53 -1
38: 245 415 416 417 296 53 -1
53: 245 415 416 417 296 53 -1
20: 396 42 416 3 296 -1
38: -1
38: 245 415 416 417 296 53 -1
53: 245 415 416 417 296 53 -1
187: 245 415 416 417 296 53 -1
1274: -1
53: 245 415 416 417 296 53 -1
659: 396 396 396 396 42 -1
53: 245 415 416 417 296 53 -1
1176: 396 396 396 396 396 396 396 245 3 42 396 396 415 3 396 3 417 396 296 396 396 396 396 396 396 396 396 396 396 396 396 396 396 396 396 396 -1
53: -1
53: -1
53: -1
53: -1
53: -1
53: 245 415 416 417 296 53 -1
38: 245 415 416 417 296 53 -1
38: 245 415 416 417 296 53 -1
110: 245 415 416 417 296 53 -1
53: 245 415 416 417 296 53 -1
53: 245 415 416 417 296 53 -1
14: 245 415 416 417 296 53 -1
38: 245 415 416 417 296 53 -1
38: 245 415 416 417 296 53 -1
38: -1
53: -1
38: 245 415 416 417 296 53 -1
38: 245 415 416 417 296 53 -1
38: 245 415 416 417 296 53 -1
104: 245 415 416 417 296 53 -1
38: 245 415 416 417 296 53 -1
38: 245 415 416 417 296 53 -1
38: 245 415 416 417 296 53 -1
38: 245 415 416 417 296 53 -1
38: 245 415 416 417 296 53 -1
38: 245 415 416 417 296 53 -1
38: 245 415 416 417 296 53 -1
38: 245 415 416 417 296 53 -1
38: 245 415 416 417 296 53 -1
38: 245 415 416 417 296 53 -1
38: 245 415 416 417 296 53 -1
53: 245 415 416 417 296 53 -1
38: 245 415 416 417 296 53 -1
38: 245 415 416 417 296 53 -1
38: -1
38: 3 43 176 407 398 683 -1
38: 43 266 -1
53: 1065 398 407 176 471 53 236 43 415 967 734 -1
154: 43 -1
38: 43 -1
38: 43 553 -1
38: 43 104 -1
97: 43 -1
14: 425 43 -1
14: 1291 43 -1
1354: 43 -1
1543: 43 -1
3: 1495 43 348 -1
1533: 43 -1
38: -1
14: 346 43 -1
14: 176 43 2 907 463 1495 634 -1
97: 671 43 -1
38: -1
14: 1350 1644 539 43 425 7 518 427 -1
14: 43 907 1133 236 1495 1086 1543 -1
14: 43 -1
14: 76 43 907 1609 -1
1: 43 -1
1363: 43 496 1644 -1
38: 236 43 -1
38: 43 -1
376: 1482 2 1495 676 43 520 233 -1
38: 43 -1
38: 255 3 1475 43 -1
38: -1
38: 1 -1
38: 1 -1
38: 150 355 1 16 605 1404 1 7 20 -1
38: 605 1 508 659 1 269 -1
38: 1 -1
38: 1 475 -1
38: 1 -1
376: 1 55 -1
38: 1 -1
38: 30 163 652 681 552 738 1 1239 81 659 1571 269 1 -1
38: 30 163 652 681 552 738 1 1239 81 659 1571 269 1 -1
154: 407 -1
38: 1 -1
20: 1404 7 1 355 150 605 1256 1 16 43 -1
38: 1 55 -1
38: 1 -1
38: -1
314: -1
310: -1
33: 450 450 451 -1
38: 450 450 451 -1
38: 450 450 451 -1
90: 450 450 451 -1
90: 450 450 451 -1
33: 450 450 451 -1
90: 450 450 451 -1
90: 450 450 451 -1
33: 450 450 451 -1
33: 450 450 451 -1
110: 450 450 451 -1
104: -1
42: 452 763 764 765 454 -1
42: 452 763 764 765 454 -1
42: 452 763 764 765 454 -1
38: 452 763 764 765 454 -1
38: 452 763 764 765 454 -1
38: 452 763 764 765 454 -1
8: 452 763 764 765 454 -1
38: 452 763 764 765 454 -1
38: 452 763 764 765 454 -1
38: 452 763 764 765 454 -1
38: 452 763 764 765 454 -1
134: 452 763 764 765 454 -1
42: 452 763 764 765 454 -1
38: 452 763 764 765 454 -1
38: 452 763 764 765 454 -1
38: 452 763 764 765 454 -1
42: 452 763 764 765 454 -1
42: 452 763 764 765 454 -1
42: 452 763 764 765 454 -1
104: 452 763 764 765 454 -1
42: 452 763 764 765 454 -1
42: 452 763 764 765 454 -1
8: 452 763 764 765 454 -1
38: 452 763 764 765 454 -1
607: 452 763 764 765 454 -1
42: 452 763 764 765 454 -1
10: 452 763 764 765 454 -1
10: 452 763 764 765 454 -1
42: 452 763 764 765 454 -1
38: 452 763 764 765 454 -1
42: 452 763 764 765 454 -1
42: 452 763 764 765 454 -1
42: 452 763 764 765 454 -1
76: 452 763 764 765 454 -1
42: 452 763 764 765 454 -1
76: 452 763 764 765 454 -1
76: 452 763 764 765 454 -1
76: 452 763 764 765 454 -1
76: 452 763 764 765 454 -1
76: 452 763 764 765 454 -1
42: 452 763 764 765 454 -1
76: 452 763 764 765 454 -1
76: 452 763 764 765 454 -1
76: 452 763 764 765 454 -1
76: 452 763 764 765 454 -1
20: 452 763 764 765 454 -1
76: 452 763 764 765 454 -1
76: 452 763 764 765 454 -1
76: 452 763 764 765 454 -1
76: 452 763 764 765 454 -1
76: 452 763 764 765 454 -1
76: 452 763 764 765 454 -1
76: 452 763 764 765 454 -1
76: 452 763 764 765 454 -1
76: 452 763 764 765 454 -1
76: 452 763 764 765 454 -1
76: 452 763 764 765 454 -1
76: 452 763 764 765 454 -1
76: 452 763 764 765 454 -1
76: 452 763 764 765 454 -1
76: 452 763 764 765 454 -1
76: 452 763 764 765 454 -1
76: 452 763 764 765 454 -1
76: 452 763 764 765 454 -1
38: 452 763 764 765 454 -1
76: 452 763 764 765 454 -1
76: 452 763 764 765 454 -1
76: 764 765 454 -1
76: 765 454 -1
76: 764 765 763 454 -1
76: 452 -1
76: 763 764 765 454 -1
76: 763 764 765 454 -1
76: 763 765 764 454 -1
76: 763 765 764 454 -1
76: 764 765 763 454 -1
76: 42 42 42 42 764 765 454 -1
76: 764 765 590 763 454 -1
76: 765 454 42 -1
76: 764 42 -1
76: -1
76: 162 -1
76: 162 -1
76: 20 -1
76: 20 -1
76: -1
76: -1
76: -1
76: -1
38: -1
76: -1
1: 460 -1
14: 1 -1
184: -1
8: -1
184: -1
20: -1
184: -1
763: -1
184: -1
14: -1
184: -1
1404: -1
38: -1
20: -1
20: -1
184: -1
14: -1
184: -1
1408: 907 -1
184: -1
143: -1
184: -1
184: -1
2: -1
38: 460 197 245 -1
1: 460 197 245 -1
8: 460 197 245 -1
1: 460 197 245 -1
1: 460 197 245 -1
1: 460 197 245 -1
1: 460 197 245 -1
133: 460 197 245 -1
1: 460 197 245 -1
1: 460 197 245 -1
38: 460 197 245 -1
38: 460 197 245 -1
38: 460 197 245 -1
38: 460 197 245 -1
38: 460 197 245 -1
38: 460 197 245 -1
38: 460 197 245 -1
38: 460 197 245 -1
1: 460 197 245 -1
1: 460 197 245 -1
1: 460 197 245 -1
1: 460 197 245 -1
1: 460 197 245 -1
1: 460 197 245 -1
1: 460 197 245 -1
184: 460 197 245 -1
1: 460 197 245 -1
1: 460 197 245 -1
1: 460 197 245 -1
1: 460 197 245 -1
95: 460 197 245 -1
1: 460 197 245 -1
1: 460 197 245 -1
1: 460 197 245 -1
1: 460 197 245 -1
1: 460 197 245 -1
1: 187 187 460 197 245 -1
1: 460 197 245 -1
1: 460 197 245 -1
1: 460 197 245 -1
1: 197 245 -1
1: 460 197 245 -1
1: 460 197 245 -1
1: 460 197 245 -1
1: 460 197 245 -1
1: 460 197 245 -1
1: -1
50: 780 -1
50: 780 -1
38: 780 -1
630: 780 -1
630: 780 -1
50: 780 -1
50: 780 -1
50: 780 -1
1: 780 -1
50: 780 -1
50: 780 -1
50: 780 -1
50: 780 -1
50: 780 -1
630: 780 -1
50: 780 -1
654: 50 5 -1
5: 137 225 137 -1
1: 959 488 296 539 2 16 3 -1
38: 488 -1
38: 0 -1
38: -1
38: 137 225 137 225 137 -1
38: 137 225 137 -1
310: -1
1180: -1
7: -1
1: 784 -1
42: 784 -1
42: 784 -1
42: 784 -1
42: 784 -1
42: 784 -1
42: 907 -1
42: 784 -1
42: 784 -1
42: 784 -1
42: 784 -1
42: 784 -1
42: 784 -1
42: 784 -1
42: 784 -1
48: 16 -1
633: 16 -1
16: -1
179: 16 -1
3: 1272 16 -1
184: -1
20: 187 572 -1
1: 187 572 -1
43: 187 572 -1
43: 187 572 -1
245: -1
3: -1
7: 276 1372 603 -1
703: -1
54: 176 43 472 339 -1
3: -1
245: -1
3: -1
110: 472 339 -1
3: 59 -1
1274: -1
1226: -1
3: -1
50: 226 -1
20: 348 -1
50: 348 967 -1
50: 1482 -1
50: 967 -1
50: 226 -1
53: -1
54: -1
16: -1
38: -1
97: -1
10: -1
10: -1
43: -1
38: -1
10: -1
10: -1
38: -1
150: -1
38: -1
53: -1
10: -1
38: -1
53: -1
56: 10 10 10 10 10 10 10 10 10 10 10 -1
56: 10 10 10 10 10 10 10 10 10 10 10 10 -1
38: 10 10 10 10 10 10 10 10 10 10 10 10 -1
38: 10 10 10 10 10 10 10 10 10 10 10 10 -1
110: 10 10 10 10 10 10 10 10 10 10 10 10 -1
38: 10 10 10 10 10 10 10 10 10 10 10 10 -1
38: 10 10 10 10 10 10 10 10 10 10 10 10 -1
53: 10 10 10 10 10 10 10 10 10 10 10 10 -1
38: 187 572 -1
43: 187 572 -1
38: 187 572 -1
42: 226 226 -1
38: -1
3: -1
38: -1
38: -1
1516: -1
110: -1
38: 226 226 -1
97: 569 226 226 -1
16: 42 -1
106: -1
1516: -1
176: -1
42: -1
38: 176 492 16 3 -1
50: -1
50: 1 81 -1
20: 245 1571 -1
38: -1
1516: -1
1521: -1
1520: -1
1516: -1
50: -1
8: -1
197: -1
8: -1
3: -1
8: -1
8: -1
8: -1
8: -1
8: 482 482 346 1239 -1
8: -1
8: -1
8: -1
8: -1
8: -1
8: 603 -1
8: -1
8: -1
8: 0 -1
8: -1
8: -1
8: -1
8: -1
8: -1
8: 226 42 1368 1366 1353 7 1355 16 19 404 42 16 180 403 7 1506 488 154 353 351 1500 1357 7 1358 1371 -1
8: 1495 351 398 50 -1
98: -1
8: 42 -1
8: 106 50 107 -1
8: 408 162 339 482 42 16 16 16 -1
8: 233 2 16 194 204 187 -1
8: 381 -1
8: -1
8: -1
8: -1
8: 827 276 361 -1
8: 827 276 361 -1
8: 827 276 361 -1
8: 827 276 361 -1
8: 827 276 361 -1
8: 827 276 361 -1
8: 827 276 361 -1
8: 827 276 361 -1
8: 827 276 361 -1
8: 827 276 361 -1
8: 827 276 361 -1
8: 827 276 361 -1
8: 827 276 361 -1
8: 642 -1
8: 642 -1
8: 153 -1
8: 153 -1
8: 153 -1
8: 153 -1
8: 153 -1
8: 832 59 835 -1
8: 226 59 835 -1
8: -1
8: -1
8: 226 59 -1
134: 226 832 835 -1
8: -1
8: -1
8: -1
8: 0 -1
8: -1
8: -1
8: -1
508: -1
8: -1
197: -1
1226: -1
97: -1
97: -1
97: -1
97: -1
1516: -1
514: -1
38: -1
8: -1
490: -1
3: -1
8: -1
8: -1
8: -1
8: -1
8: -1
8: -1
8: -1
8: -1
8: -1
490: -1
8: -1
8: 0 -1
8: -1
8: -1
8: -1
8: -1
8: -1
8: -1
8: -1
8: -1
8: -1
8: -1
8: -1
8: -1
8: -1
8: -1
20: -1
20: -1
20: -1
8: -1
874: -1
521: -1
521: -1
16: -1
29: 0 927 -1
501: -1
496: -1
97: -1
516: -1
97: -1
519: -1
516: -1
516: -1
864: -1
1: -1
876: -1
876: -1
886: -1
501: -1
501: -1
900: -1
901: -1
901: 0 -1
97: -1
901: -1
95: 631 -1
901: -1
106: -1
904: -1
906: -1
904: -1
908: -1
907: -1
908: -1
907: -1
20: -1
910: -1
901: -1
914: -1
910: -1
914: -1
914: -1
914: -1
876: -1
914: -1
97: -1
55: -1
916: -1
16: -1
916: -1
916: -1
916: -1
92: -1
201: -1
92: -1
92: -1
919: -1
97: 482 -1
201: -1
92: -1
16: 55 569 1234 936 513 2 -1
916: -1
921: -1
201: -1
176: -1
2056: -1
176: -1
501: -1
16: 55 1234 590 -1
930: -1
930: -1
910: -1
97: -1
914: -1
916: -1
2053: -1
2: -1
930: -1
943: -1
16: -1
920: -1
81: -1
933: -1
914: -1
2: -1
942: -1
938: -1
953: -1
954: -1
226: -1
956: -1
942: -1
901: -1
953: -1
51: -1
955: -1
961: -1
942: -1
916: -1
538: -1
953: -1
942: -1
955: -1
974: -1
964: -1
976: -1
916: -1
538: -1
916: -1
980: -1
959: -1
164: -1
955: 99 613 -1
974: -1
95: 226 -1
964: -1
964: -1
976: -1
538: -1
538: -1
916: -1
980: -1
980: -1
955: -1
974: -1
34: 1311 -1
2: -1
2: -1
153: -1
986: 99 -1
964: -1
2: -1
538: 99 855 -1
2: -1
538: -1
2: -1
1003: -1
980: -1
538: 99 -1
1003: -1
542: -1
553: 99 -1
974: -1
964: -1
542: 434 -1
97: -1
97: -1
986: -1
150: -1
964: -1
97: -1
176: -1
553: 544 -1
150: -1
2: -1
553: -1
1003: -1
1016: -1
150: -1
553: 392 -1
164: 276 1027 -1
164: -1
176: 55 1268 16 337 1486 492 226 3 7 -1
1: -1
964: 219 -1
178: -1
55: -1
538: -1
1016: -1
51: -1
538: -1
1009: 7 -1
97: 1045 -1
542: -1
1021: -1
1016: 1031 0 -1
553: -1
538: -1
1016: -1
1016: -1
964: -1
370: -1
1016: -1
542: 568 -1
570: -1
516: -1
1016: -1
176: -1
2: -1
2: -1
576: -1
570: -1
2: -1
2: -1
2: -1
50: -1
150: 99 -1
555: -1
2: -1
533: -1
50: -1
95: -1
576: -1
555: -1
572: -1
106: -1
97: -1
2: -1
95: -1
1059: -1
1055: -1
2: -1
2: -1
2: -1
97: -1
520: -1
134: -1
1016: -1
1016: -1
16: -1
1064: -1
16: -1
370: -1
542: 1475 -1
542: -1
106: -1
520: -1
1059: -1
520: -1
520: -1
520: -1
555: -1
520: -1
520: -1
201: -1
2: 1436 -1
1064: -1
16: -1
1076: -1
16: -1
655: -1
1020: -1
16: -1
520: -1
21: -1
520: -1
520: -1
520: -1
2: -1
21: -1
1080: 3 -1
533: -1
2196: -1
16: -1
1076: -1
520: -1
21: -1
1020: 1046 -1
520: -1
520: -1
520: -1
520: -1
520: -1
520: -1
520: -1
520: -1
92: -1
1016: -1
1016: -1
1061: -1
176: -1
570: -1
163: -1
655: -1
164: -1
153: -1
153: -1
1055: -1
520: -1
1016: -1
106: -1
154: -1
98: -1
21: -1
2: -1
1064: -1
1016: -1
14: -1
1064: -1
134: -1
98: -1
1020: -1
520: -1
576: -1
159: -1
1104: -1
1104: -1
595: -1
20: -1
10: -1
1106: -1
201: -1
195: -1
608: -1
1107: -1
195: -1
20: -1
14: -1
603: -1
199: -1
81: -1
197: -1
106: -1
184: -1
2: 0 30 288 -1
238: -1
238: -1
90: -1
197: 0 99 363 -1
197: 7 -1
607: -1
1103: -1
1103: -1
570: -1
110: -1
184: -1
110: -1
608: -1
1107: -1
1055: -1
1055: -1
1055: -1
1055: -1
1055: 0 -1
14: -1
520: 569 -1
520: -1
1103: 1148 0 -1
520: -1
520: -1
520: -1
520: -1
520: -1
238: -1
520: -1
520: -1
520: -1
520: -1
1: -1
520: -1
520: -1
520: -1
520: -1
520: -1
520: -1
520: 613 967 226 99 277 907 910 569 821 -1
1154: -1
520: 628 613 99 -1
520: -1
520: -1
520: 226 0 -1
520: -1
520: -1
16: -1
197: -1
16: -1
1154: -1
197: -1
153: -1
201: -1
184: -1
330: -1
2: -1
520: -1
2: -1
1064: -1
1064: -1
1016: 1436 50 30 -1
14: -1
153: -1
1064: -1
50: -1
106: -1
520: -1
50: -1
2: -1
2: 55 -1
576: -1
159: -1
1104: -1
1104: -1
2: -1
110: -1
2: 288 339 106 162 566 -1
2: -1
2: -1
2: 30 -1
2: -1
2: -1
50: 780 -1
2: -1
2: -1
2: -1
2: -1
2: -1
2: -1
2: -1
2: 1018 927 544 969 971 989 1010 1013 -1
2: -1
2: -1
2: -1
2: 1258 -1
2: -1
2: -1
196: -1
2: 3 -1
2: -1
1064: -1
10: -1
16: -1
16: -1
16: -1
1184: -1
16: -1
184: 565 951 956 10 1016 546 3 -1
53: -1
16: -1
16: -1
195: -1
16: -1
176: 16 1320 1321 226 1322 1325 3 -1
16: 1357 -1
179: -1
363: -1
2162: -1
1138: -1
97: -1
16: -1
16: -1
619: 508 -1
1134: -1
1238: -1
619: -1
2: -1
50: -1
14: -1
16: 977 546 -1
1200: -1
134: -1
8: -1
106: -1
110: -1
16: 3 -1
134: -1
150: -1
1134: -1
1205: 1225 -1
16: -1
16: -1
201: -1
8: -1
14: -1
634: -1
134: -1
1255: -1
106: -1
16: -1
10: 1265 -1
50: 1 -1
176: 176 492 16 3 -1
978: 1264 -1
20: -1
1176: -1
1134: 316 1263 1 -1
97: -1
150: -1
150: -1
97: 659 55 1 150 -1
20: 126 -1
50: -1
16: -1
50: 162 -1
184: -1
50: -1
978: -1
208: -1
978: -1
1134: -1
7: -1
576: 659 55 162 1 150 -1
106: 55 8 -1
176: 1018 927 544 969 971 989 1010 1013 -1
16: 126 -1
978: 1359 471 150 30 7 674 50 126 1256 81 55 659 1148 -1
978: 5 354 1435 4 488 99 1485 614 482 1486 425 568 16 1328 1517 662 407 471 492 734 1489 0 875 918 933 226 874 277 904 915 907 927 821 839 1018 405 30 296 681 81 126 1188 150 1571 355 204 233 -1
978: 16 -1
95: 55 162 -1
7: 64 513 821 852 846 857 520 226 526 875 530 513 879 887 888 890 892 893 894 849 897 903 904 908 354 907 915 922 899 928 932 933 1221 1218 569 655 1228 1239 666 55 617 663 910 911 913 927 277 -1
570: 1239 535 1256 652 821 897 908 932 893 663 630 55 1221 911 8 139 1 1 339 848 899 567 1027 659 655 1218 354 1255 928 858 857 846 875 226 1236 650 1234 569 1222 -1
197: 1587 1515 1227 1045 1350 1581 55 154 1482 1574 569 1202 1272 339 651 266 1395 1422 674 539 1260 -1
553: 1485 16 568 456 482 3 30 -1
97: 492 659 55 162 1 150 -1
420: 0 106 55 1439 659 296 30 50 -1
50: 30 1010 893 857 456 488 1571 940 1227 1391 590 -1
50: 1513 660 43 288 1485 1491 266 1514 674 1516 1227 1517 226 1486 485 226 1518 16 1391 461 1519 490 1320 154 76 1521 1523 662 568 456 1525 462 1528 99 1530 463 482 488 162 1532 464 1073 361 1534 455 407 226 347 485 1535 492 637 348 226 1322 907 1538 226 7 769 1540 226 1541 1542 1543 614 471 104 226 675 226 731 1546 226 732 423 734 3 3 1272 569 1324 236 1489 1553 1554 638 1556 1557 1559 1253 3 336 1325 590 1656 779 415 718 1642 679 346 14 1021 659 1558 359 337 359 475 1239 1520 1184 350 1545 355 1328 723 226 2 351 353 1495 16 1496 42 16 1498 1500 1349 404 1503 7 16 7 16 19 16 1358 16 1506 1507 1510 1512 1 488 -1
197: 20 55 162 1272 652 154 1571 7 1 226 1 656 1045 355 315 150 605 659 126 552 1256 1 288 176 681 81 30 405 569 666 491 0 628 226 99 613 1148 7 336 839 821 1372 849 989 855 857 858 860 522 869 875 879 355 533 886 888 890 904 908 910 907 922 915 927 277 932 933 475 1515 1520 1184 471 350 1545 226 351 355 723 226 1328 1200 1513 660 288 1485 1491 1514 266 1074 674 226 1516 1517 226 485 1486 485 226 1518 16 1519 1320 1521 226 226 2 1523 662 568 1321 456 1525 1083 462 3 1528 463 99 1530 1531 482 488 1532 464 1073 1533 361 1534 455 407 1536 1535 492 348 637 226 1322 1538 1539 226 7 769 1540 779 226 1090 1541 1542 1543 397 337 614 471 104 461 359 1546 592 738 226 1098 731 664 226 732 43 423 734 3 3 3 3 3 3 3 3 162 611 425 236 1489 1553 1554 638 1556 1557 1559 3 729 1527 353 659 1558 1524 -1
16: 55 569 1234 936 513 2 -1
97: 659 55 162 1 150 -1
1: 55 -1
420: 55 0 288 162 363 659 -1
14: 4 907 534 916 932 855 875 865 99 337 0 628 1189 969 989 993 1016 565 972 953 543 947 620 491 55 30 162 81 5 613 -1
619: 55 552 -1
978: 99 659 55 162 1 150 -1
978: 16 681 81 1531 732 488 568 455 482 226 104 1486 3 490 1489 423 1520 350 355 723 30 0 288 50 276 55 296 5 162 43 508 904 1154 339 -1
201: 30 603 -1
1176: 1227 1239 55 162 43 16 1 226 4 1531 488 150 353 1 162 16 226 106 8 20 42 1435 907 -1
287: -1
576: 43 -1
978: 43 -1
978: 471 -1
978: 43 -1
655: 455 -1
153: 346 -1
153: 482 -1
153: -1
200: 1286 -1
978: 1286 -1
978: 1286 -1
978: 3 -1
978: 3 -1
978: 1475 -1
978: 683 683 -1
978: 683 683 -1
978: 683 683 -1
978: 204 683 683 -1
978: 339 683 683 -1
978: 683 683 -1
655: 1571 683 683 -1
978: 683 683 -1
978: 683 683 -1
978: 683 683 -1
978: 683 683 -1
978: 683 683 -1
1176: 683 683 -1
1003: 1227 683 683 -1
978: 683 683 -1
978: 683 683 -1
978: 683 683 -1
134: 683 683 -1
150: 674 683 683 -1
150: 683 683 -1
64: 683 683 -1
64: 683 683 -1
64: 683 683 -1
64: 683 683 -1
7: 683 683 -1
150: 683 683 -1
150: 683 683 -1
64: 683 683 -1
10: 683 683 -1
150: 683 683 -1
150: 683 683 -1
150: 683 683 -1
150: 683 683 -1
276: 683 683 -1
64: 683 683 -1
978: 683 683 -1
978: 683 683 -1
64: 1393 455 907 7 683 683 -1
1016: 683 683 -1
1016: 683 683 -1
1016: 683 683 -1
1016: 683 683 -1
978: 683 683 -1
1016: 518 683 683 -1
1016: 1202 683 683 -1
1016: 683 683 -1
1016: 907 683 683 -1
1016: 907 683 683 -1
64: 683 683 -1
1016: -1
1016: 1293 -1
1016: 1293 -1
1003: 1293 -1
1016: 1293 -1
2559: 16 1293 16 16 16 16 16 -1
1016: 1290 1293 -1
1016: 1293 -1
1016: 226 -1
16: -1
2516: -1
3: -1
978: 1293 -1
1016: -1
133: -1
133: -1
16: -1
133: -1
133: -1
33: -1
450: -1
201: -1
184: -1
16: -1
633: -1
106: -1
106: -1
106: -1
106: -1
2: -1
106: -1
106: 33 40 33 7 -1
106: -1
106: 16 81 -1
164: 1 81 -1
16: 1 -1
106: 1 -1
106: 1 -1
106: 1 -1
16: 1301 -1
16: 1301 -1
16: 1301 -1
164: 1301 -1
16: 1301 -1
16: 1301 -1
150: 1301 -1
16: 1301 -1
176: 1301 -1
16: 1301 -1
2: 1301 -1
2: 1301 -1
16: 1301 -1
97: 1301 -1
16: 1301 -1
16: 1301 -1
16: 1301 -1
95: 1301 -1
16: 1301 -1
95: 1301 -1
95: 1301 -1
95: 1301 -1
95: 1301 -1
95: 1301 -1
16: -1
95: 1302 -1
95: -1
95: -1
95: 1303 -1
1: 1303 -1
95: 1305 -1
95: 53 -1
95: 53 -1
95: 53 -1
95: 53 -1
95: 423 53 -1
95: -1
95: -1
95: -1
95: -1
95: -1
95: -1
95: 1304 -1
95: 1305 -1
95: -1
95: 1306 -1
95: 1306 -1
95: -1
106: 1306 -1
95: 1306 -1
95: 74 74 74 -1
95: 1306 -1
95: -1
95: -1
95: -1
95: -1
95: -1
95: -1
95: 226 -1
95: 226 -1
95: -1
95: -1
95: -1
95: -1
95: 233 -1
95: 187 572 -1
95: 187 572 -1
95: -1
95: -1
95: 683 683 683 683 683 683 683 683 683 683 683 683 683 683 683 683 683 683 683 683 683 683 392 -1
95: 683 683 683 683 683 683 683 683 683 683 683 683 683 683 683 683 683 683 683 683 683 683 683 -1
95: 3 -1
95: 3 -1
16: 3 -1
95: 3 -1
633: 3 -1
633: 3 -1
633: 3 -1
2: 3 -1
633: 3 -1
95: 3 -1
633: 3 -1
633: 3 -1
633: 3 -1
633: 3 -1
633: 3 -1
633: 3 -1
2: 3 -1
95: 3 -1
95: 3 -1
633: 3 -1
633: 3 -1
633: 3 -1
633: 3 -1
20: 392 398 434 1312 -1
176: -1
20: 683 683 683 683 683 683 683 683 683 683 683 683 683 683 683 683 683 683 683 683 683 683 683 392 1311 1312 -1
20: 683 683 683 683 683 683 683 683 683 683 683 683 683 683 683 683 683 683 683 683 683 683 683 392 1311 1312 -1
1150: -1
2: -1
16: 1313 7 -1
2: 392 -1
16: 270 569 -1
16: 482 -1
16: 434 398 -1
16: 993 -1
164: 1391 569 -1
16: 1311 -1
16: 1313 5 -1
154: 569 -1
195: 398 -1
154: 7 -1
195: 5 16 -1
154: 7 -1
195: -1
154: 1313 7 -1
195: 1313 7 -1
16: 1313 7 -1
16: -1
633: 1045 1345 146 -1
633: 90 -1
633: 520 363 -1
195: -1
2162: -1
20: -1
2162: -1
1138: -1
208: -1
1134: -1
206: -1
619: -1
1134: -1
3: -1
619: -1
59: 1318 1319 -1
59: 1318 1319 -1
59: 1318 1319 -1
95: -1
95: -1
95: -1
95: -1
95: -1
95: -1
95: -1
95: -1
95: -1
95: -1
95: -1
2: -1
110: -1
110: -1
95: -1
95: -1
95: -1
633: -1
95: -1
95: -1
95: -1
95: -1
95: -1
110: -1
95: -1
95: -1
95: -1
2162: -1
154: -1
154: -1
154: 137 225 137 225 137 225 137 225 137 225 137 225 137 225 137 225 137 225 137 225 137 225 137 -1
154: -1
195: 1542 -1
74: -1
2180: 74 74 1227 -1
1134: -1
16: 1328 -1
64: 1328 -1
64: -1
64: 1328 -1
64: 1328 -1
2464: 76 7 -1
614: 76 -1
1134: 337 1066 14 1137 518 602 456 588 1553 959 1475 226 488 76 568 43 1140 576 1571 569 455 -1
619: 336 659 660 475 1485 1514 1074 1515 674 1516 43 1517 226 1486 226 16 1513 1519 154 76 398 351 353 1495 1523 1520 1524 662 568 456 355 1525 3 663 99 339 482 488 1532 361 455 407 485 1536 1535 492 637 348 471 907 350 723 1538 1539 226 7 1328 1540 226 1541 1542 337 614 471 104 226 7 1545 245 1546 679 731 176 346 732 734 423 611 569 236 1489 1553 1554 638 415 1021 1558 1559 -1
454: 1518 1253 1538 471 675 3 1200 425 226 2 407 471 397 245 348 492 226 1540 43 1543 236 637 638 734 1534 664 482 1532 660 288 1523 99 1073 7 485 1489 423 1559 1513 226 1486 226 485 461 463 464 361 226 226 425 1519 1485 1521 226 732 1530 614 16 1320 226 251 1525 1542 76 488 1553 456 455 1556 1517 568 1090 662 907 1533 1554 1557 1535 104 1528 738 226 731 1529 337 -1
454: -1
630: 1227 660 288 1485 1074 339 1516 43 1486 16 461 1320 76 1523 662 568 463 1090 456 482 1532 488 492 907 7 1540 226 3 1489 638 1556 1559 1200 226 1518 1519 398 1525 266 1533 407 1535 348 3 1542 397 1557 590 -1
7: 43 3 16 568 456 488 104 226 3 -1
650: 76 455 -1
1154: 76 959 -1
8: 154 76 1556 455 -1
1020: 76 -1
2176: 1338 42 42 42 42 42 42 -1
392: -1
2420: -1
42: -1
95: -1
106: -1
42: 1337 -1
42: 1337 -1
55: 53 -1
1064: 53 -1
55: 53 -1
55: 53 -1
55: 423 53 -1
2486: -1
97: -1
2420: 1372 10 -1
164: 392 -1
2420: -1
197: -1
2226: -1
634: -1
20: -1
95: 3 -1
20: 2 398 1357 42 -1
7: -1
2508: 7 -1
978: -1
978: -1
55: -1
538: -1
176: 1357 50 -1
106: -1
1154: 603 -1
7: 1357 398 -1
42: -1
176: -1
619: -1
619: -1
176: -1
184: 392 2 -1
176: -1
1176: 1378 1357 -1
2514: -1
176: -1
1176: -1
2514: -1
650: -1
176: 2 -1
176: -1
201: -1
176: -1
176: -1
287: -1
176: -1
2516: -1
176: 398 276 1137 -1
16: -1
176: 2 -1
1064: -1
176: -1
176: -1
16: -1
16: 2 -1
176: -1
106: -1
633: -1
195: 153 -1
674: -1
97: -1
1184: -1
176: 411 412 1383 1384 1381 226 591 -1
16: -1
655: -1
1376: -1
176: -1
2516: -1
2521: -1
674: -1
2516: -1
978: -1
16: 1119 -1
64: -1
16: -1
2420: -1
16: 601 -1
16: -1
16: -1
16: -1
16: -1
16: -1
16: -1
16: -1
16: -1
16: -1
16: -1
16: -1
16: -1
16: -1
16: -1
16: -1
16: -1
16: -1
16: -1
16: -1
16: -1
178: 14 7 226 410 -1
16: 397 679 3 236 1200 398 407 415 471 -1
16: 20 678 -1
16: -1
16: -1
16: -1
16: -1
16: -1
16: -1
16: -1
16: -1
97: -1
16: -1
16: -1
16: 1202 -1
16: -1
16: -1
16: -1
16: 42 -1
16: -1
16: -1
16: -1
16: -1
16: -1
16: -1
16: 1416 1421 -1
16: 1421 1416 1423 1418 -1
16: -1
16: -1
16: -1
16: -1
16: 1475 590 337 226 154 1260 1272 1530 1137 1202 7 7 -1
16: 569 679 226 226 -1
16: 569 7 -1
154: 7 76 1482 154 226 678 492 1326 339 -1
16: 309 560 518 1021 676 1530 337 1372 14 959 674 7 226 7 1137 1395 967 417 1393 1475 76 678 -1
16: 266 337 1372 7 678 1571 154 571 1227 3 -1
16: 1482 -1
16: 590 1103 569 907 1260 154 339 1326 552 427 -1
16: 7 569 678 1530 -1
16: 154 226 1202 971 734 518 -1
16: 1202 674 337 -1
20: 539 1272 1482 -1
16: 226 154 -1
64: 518 1395 1530 -1
681: 602 1557 590 7 20 -1
106: 20 -1
106: 1398 -1
106: 7 1393 1395 266 587 1190 1169 76 674 14 309 226 552 967 -1
106: 1117 678 518 971 76 967 1395 539 -1
20: 14 1571 5 7 266 14 1140 959 1227 552 -1
20: 398 1495 678 154 1395 674 7 605 552 -1
20: 7 226 959 1260 14 337 -1
16: 337 1065 674 -1
2943: 53 20 -1
20: 678 1589 1402 7 -1
16: -1
16: 1571 1202 1372 339 226 552 7 76 959 337 518 -1
16: 967 -1
16: 5 20 -1
16: 226 683 407 255 300 293 20 -1
16: 602 1557 590 7 20 -1
16: -1
16: -1
16: -1
2943: -1
16: -1
16: -1
16: -1
16: -1
16: -1
16: -1
16: -1
16: -1
16: -1
16: -1
16: -1
16: -1
16: -1
16: -1
16: -1
16: -1
97: -1
97: 226 -1
97: -1
16: -1
664: -1
2538: -1
90: 126 7 1436 685 685 16 -1
538: 126 7 1436 685 685 16 -1
90: 126 7 1436 685 685 16 -1
1410: -1
350: -1
664: -1
42: -1
1310: -1
1310: 20 1 20 4 354 296 -1
16: -1
1314: -1
97: -1
195: -1
97: -1
42: -1
42: -1
3010: 1435 -1
20: -1
1446: 4 296 -1
8: 16 20 162 106 5 339 703 204 55 354 405 1 7 296 407 407 408 409 410 7 411 412 413 -1
1214: 296 -1
1446: 20 20 16 354 296 162 -1
134: -1
162: 1406 -1
164: 92 -1
162: 92 -1
1450: 74 1454 1455 -1
376: 1455 1454 -1
376: 1455 1454 -1
376: 1455 1454 -1
376: 1455 1454 -1
376: 1455 1454 -1
376: 1455 1454 -1
376: 1455 1454 -1
376: 1455 1454 -1
8: 1454 1455 -1
74: 398 1455 -1
1450: -1
376: 1454 1455 -1
3029: -1
74: 398 398 398 398 398 398 398 398 398 695 398 1455 -1
97: 398 398 398 398 398 398 398 398 398 695 398 1455 -1
74: 398 398 398 398 398 398 398 398 398 695 398 1455 -1
74: 398 398 398 398 398 398 398 398 398 695 398 1455 -1
74: 398 398 398 398 398 398 398 398 398 695 398 1455 -1
226: 381 -1
250: -1
1215: 104 -1
1450: 614 104 -1
3038: 104 -1
20: 104 -1
250: 43 104 -1
3033: 1310 104 -1
1455: 986 1530 296 -1
3042: 104 43 -1
363: 3 104 -1
250: 1554 3 3 3 3 104 1542 614 3 569 471 1540 3 226 -1
680: 104 1300 -1
1455: 104 539 729 -1
3042: 104 -1
3043: 104 456 3 -1
16: 104 -1
1461: 226 43 104 -1
1465: 104 -1
3042: 104 -1
3010: 104 3 488 -1
3043: 339 907 2 104 1065 -1
1464: 104 -1
1461: 104 590 -1
76: 1475 411 1481 412 1478 713 396 -1
3042: -1
376: 411 1481 412 1478 713 396 -1
3063: -1
3053: -1
3059: -1
1461: -1
47: -1
3043: -1
48: -1
76: 1475 411 412 1478 713 396 1481 -1
48: -1
74: -1
48: 1338 42 42 42 42 42 42 -1
407: -1
3055: -1
34: -1
3: -1
1176: -1
1447: -1
226: -1
164: -1
1274: -1
78: 1490 -1
78: 1490 -1
20: -1
20: -1
16: 4 20 20 -1
14: 676 636 1182 -1
3: 154 -1
176: -1
3: -1
1490: -1
7: -1
655: -1
3: -1
374: -1
184: -1
184: -1
184: -1
1: -1
184: -1
184: -1
253: -1
184: -1
184: -1
184: -1
184: -1
184: -1
184: -1
184: -1
184: -1
184: -1
184: -1
38: -1
6: -1
97: -1
7: -1
184: -1
184: -1
184: -1
184: -1
1483: -1
184: -1
16: 126 1350 1577 -1
50: 2 -1
184: 50 -1
184: 2 16 411 1357 -1
3104: -1
1496: 2 -1
50: 2 245 -1
397: -1
184: -1
1496: -1
7: -1
16: -1
184: -1
38: -1
184: -1
16: 7 245 -1
1483: -1
16: 245 50 7 2 -1
16: -1
7: -1
397: -1
50: -1
1350: -1
50: -1
1498: 2 -1
674: -1
50: 42 -1
1350: 1355 -1
38: -1
184: 1495 -1
50: -1
20: -1
184: -1
1350: -1
16: -1
320: -1
1496: -1
3134: -1
1496: -1
3163: -1
1356: -1
1498: -1
320: -1
1498: -1
1350: -1
184: -1
1496: -1
1516: -1
1496: -1
8: -1
1354: -1
1350: -1
38: -1
21: -1
21: -1
129: -1
152: -1
6: -1
21: -1
21: -1
1521: -1
38: -1
3163: -1
97: -1
1516: -1
1529: -1
164: -1
106: -1
129: -1
1359: -1
106: -1
97: -1
21: -1
164: -1
3: -1
1553: -1
21: -1
21: -1
21: -1
95: -1
1542: -1
97: -1
3: -1
42: -1
20: -1
16: -1
20: -1
16: -1
1514: -1
1514: -1
106: -1
14: 260 440 -1
1363: -1
1542: -1
430: 309 434 309 -1
152: 1646 309 434 309 -1
3150: 309 -1
376: 1646 309 434 309 -1
3150: 309 434 309 -1
97: 1646 309 434 309 -1
376: 1646 309 434 309 -1
1530: 90 1482 -1
20: 435 260 437 260 1566 440 -1
14: 260 440 -1
20: 260 440 -1
164: 1027 -1
129: -1
20: -1
1542: -1
1525: -1
50: -1
1516: -1
50: -1
20: -1
16: -1
42: -1
1559: -1
151: -1
20: 516 154 -1
1517: -1
1226: -1
434: -1
1576: -1
20: -1
1517: -1
1574: -1
1555: -1
1576: -1
20: -1
97: -1
21: -1
1542: -1
42: -1
1556: -1
434: -1
97: -1
1563: -1
16: -1
164: -1
1579: -1
630: -1
1581: -1
430: -1
397: -1
1556: -1
106: -1
1525: -1
1374: -1
1525: -1
1555: 1482 1227 1350 569 539 337 126 7 590 518 296 1202 967 154 1010 316 1137 1658 1390 1571 1577 -1
1530: -1
734: -1
734: -1
1530: 1609 -1
97: -1
663: 50 -1
129: -1
14: 1609 -1
1514: -1
1604: -1
416: -1
42: -1
1363: -1
20: -1
90: 1596 1595 267 126 126 267 450 1585 451 1587 1588 1589 1590 1591 50 1593 16 1594 1597 1598 1599 2 126 1581 1600 1601 1602 1603 1604 1605 1606 444 1607 1608 1609 1580 1610 50 1611 1612 1613 42 1614 1615 -1
92: 1616 -1
97: 1616 -1
92: 1616 -1
92: 1616 -1
92: 1616 -1
633: -1
92: 685 685 16 -1
92: 685 685 16 -1
53: 226 -1
92: 685 685 16 -1
664: -1
664: -1
42: -1
2: 126 7 1436 685 685 16 -1
97: 126 7 1436 685 685 16 -1
92: 126 7 1436 685 685 16 -1
104: 1618 -1
176: 1618 -1
3256: 603 -1
3256: -1
104: 603 1618 1619 -1
104: 603 1618 1619 -1
104: 603 1618 1619 -1
104: 603 1618 1619 -1
104: 1618 -1
97: 603 1618 1619 -1
104: 603 1618 1619 -1
176: 3 337 -1
152: 3 1538 -1
16: 1571 1227 -1
430: 3 -1
430: 3 -1
430: 153 -1
430: 937 3 3 3 204 251 -1
152: 398 543 3 -1
397: 3 3 -1
397: 907 3 -1
104: 590 3 3 -1
397: 137 225 137 -1
397: 204 3 -1
397: 3 3 -1
397: 3 1530 -1
397: 655 937 204 251 204 1557 3 3 1554 1533 346 -1
92: 937 226 3 362 -1
397: 3 -1
397: 3 3 959 -1
397: 3 -1
397: 642 -1
97: 523 1372 3 3 3 346 1554 937 655 598 907 204 251 204 1139 887 233 -1
397: 1077 3 -1
397: 3 3 3 3 3 3 -1
397: 904 3 -1
397: 3 -1
397: 3 346 -1
397: 3 3 346 -1
397: 434 204 251 204 251 43 226 662 328 -1
20: 3 -1
397: 3 -1
397: 3 -1
397: 3 -1
397: 3 346 -1
397: 233 3 3 937 307 -1
397: 3 -1
16: 3 -1
76: -1
16: -1
747: -1
3256: -1
53: 226 -1
226: -1
176: -1
92: 126 7 1436 685 685 16 -1
29: 126 7 1436 685 685 16 -1
397: 126 7 1436 685 685 16 -1
29: -1
106: 1646 1649 309 434 309 -1
1530: -1
734: -1
1178: -1
53: 1649 1646 309 434 309 -1
1530: 1649 1646 309 434 309 -1
1359: -1
1363: -1
397: -1
1363: -1
1555: 1646 1649 309 434 309 -1
1555: -1
1514: -1
48: 4 1371 0 236 1154 1163 921 355 519 276 839 516 821 518 1372 849 522 869 879 888 904 908 226 915 918 928 932 -1
416: -1
50: -1
29: 392 -1
104: 20 1250 734 -1
29: 1655 1656 1658 1659 1475 -1
29: 1655 1087 1656 1657 1658 1475 -1
29: 1066 -1
29: 1513 -1
29: 1658 -1
29: 1658 -1
8: 1658 1475 -1
29: 398 -1
29: 1658 1659 907 -1
29: 1659 -1
29: 1659 -1
29: 398 -1
29: 1659 -1
29: 398 -1
29: 1655 1656 -1
29: 398 -1
29: -1
29: -1
29: -1
29: -1
29: -1


